  59.761
  51.409
  42.022
  58.401
  40.635
  43.008
  50.795
  42.080
  42.268
  39.189
  50.824
  43.594
  39.352
  39.396
  57.228
  40.882
  41.266
  43.656
  50.864
  57.564
  77.572
  84.126
  77.954
  52.455
  77.887
  77.155
  75.195
  76.445
  67.076
  72.290
  81.265
  70.785
  76.650
  72.927
  80.125
  81.090
  85.722
  92.372
  86.975
  73.768
  82.185
  89.504
  86.346
  82.566
  80.639
  77.200
  79.364
  80.984
  70.920
  88.080
  87.228
  91.119
  77.617
  88.025
  60.389
  80.530
  82.260
  78.413
  77.918
  86.167
  79.962
  82.503
  88.658
  89.953
  84.621
  75.799
  75.657
  73.185
  71.689
  72.604
  63.779
  70.160
  71.198
  71.922
  71.355
  74.928
  74.905
  63.785
  74.556
  75.055
  67.240
  69.695
  62.068
  74.296
  68.626
  66.410
  68.929
  74.463
  76.954
  66.294
  75.396
  73.552
  75.849
  72.454
  69.261
  74.526
  75.765
  58.880
  47.016
  71.997
  93.729
  73.997
  95.200
  91.894
  91.843
  93.160
  92.850
  96.062
  89.567
  93.568
  95.536
  95.256
  95.157
  92.993
  94.036
  91.035
  93.256
  92.218
  91.909
  95.048
  91.275
  93.831
  93.142
  91.242
  95.651
  93.027
  95.710
  95.274
  92.339
  90.855
  91.639
  93.388
  80.431
  93.109
  87.788
  95.810
  88.016
  90.904
  95.508
  91.273
  95.766
  93.531
  96.038
  94.135
  86.382
  95.096
  93.486
  92.880
  95.281
  90.503
  95.055
  89.554
  93.005
  94.042
  94.156
  66.283
  77.131
  75.630
  77.130
  68.899
  80.823
  74.600
  78.102
  81.467
  71.046
  81.705
  73.326
  78.349
  77.836
  65.590
  72.917
  73.847
  74.255
  79.405
  75.710
  69.818
  85.081
  81.808
  82.408
  75.540
