 374.610
 366.348
 379.750
 384.801
 405.311
 401.397
 429.282
 410.775
 396.322
 343.812
 354.171
 387.555
 378.139
 392.300
 377.479
 422.592
 430.278
 428.448
 379.398
 405.842
 459.256
 418.503
 433.191
 434.405
 380.807
 410.303
 417.841
 376.852
 441.180
 422.614
 383.806
 415.939
 376.364
 423.363
 426.375
 327.468
 329.836
 321.159
 348.280
 347.318
 325.127
 325.952
 328.939
 323.883
 324.431
 332.978
 341.057
 376.043
 381.659
 393.754
 351.003
 363.485
 359.087
 453.225
 452.865
 415.088
 462.279
 394.273
 440.105
 401.066
 388.710
 361.489
 377.835
 354.096
 374.862
 375.209
 355.349
 359.106
 331.433
 334.620
 340.427
 350.140
 317.640
 310.032
 317.274
 267.910
 287.385
 280.863
 257.513
 313.966
 323.317
 288.932
 297.243
 312.914
 302.907
 308.378
 294.428
 325.492
 308.206
 287.779
 317.325
 288.232
 305.144
 310.334
 311.147
 350.484
 329.513
 351.982
 348.134
 339.035
 335.641
 325.505
 338.820
 331.940
 330.138
 330.552
 318.520
 296.129
 301.488
 319.243
 321.573
 299.050
 344.366
 338.783
 356.825
 329.971
 311.332
 343.538
 359.103
 358.704
 341.421
 333.572
 368.222
 371.865
 383.279
 387.667
 371.205
 369.896
 378.287
 372.251
 365.008
 366.491
 360.512
 286.009
 295.810
 288.315
 322.281
 342.840
 344.022
 332.827
 281.280
 321.866
 282.552
 280.533
 283.294
 276.751
 288.878
 294.137
 288.184
 418.663
 433.276
 421.462
 485.790
 476.676
 483.571
 478.251
 471.296
 481.991
 521.031
 479.132
 521.663
 532.463
 522.886
 533.950
 524.389
 467.790
 411.951
 410.974
 411.006
 404.451
 418.286
 417.700
 426.205
 473.876
 449.209
 437.773
 441.708
 441.389
 433.965
 434.401
 425.814
 424.892
 428.660
 419.394
 383.679
 371.171
 363.815
 354.196
 357.269
 361.754
 363.070
 366.462
 370.694
 365.320
 350.977
 365.369
 356.077
 361.892
 353.553
 351.655
 360.552
 352.535
 353.082
 307.208
 405.978
 322.675
 310.449
 308.311
 317.975
 323.090
 336.820
 322.332
 327.803
 285.733
 262.741
 269.261
 272.115
 288.488
 286.195
 290.480
 382.266
 381.224
 385.233
 377.308
 389.955
 377.228
 329.468
 323.150
 304.985
 267.584
 260.749
 305.895
 327.977
 309.385
 298.063
 301.054
 293.629
 264.966
 295.711
 224.404
 281.844
 229.425
 294.972
 309.278
 304.416
 323.952
 372.416
 275.525
 276.363
 261.507
 252.879
 263.376
 302.514
 301.194
 287.054
 299.706
 330.934
 329.142
 338.615
 289.197
 335.608
 309.002
 320.694
 305.590
 299.324
 324.787
 327.334
 297.025
 289.025
 288.949
 267.701
 303.544
 281.596
 238.361
 297.185
 275.013
 307.824
 267.770
 377.900
 307.099
 314.896
 330.620
 319.242
 341.941
 293.336
 298.521
 315.440
 337.787
 324.336
 323.124
 352.285
 332.073
 397.093
 403.261
 364.923
 406.953
 351.095
 320.774
 329.358
 335.453
 331.698
 305.624
 392.749
 391.198
 323.011
 323.033
 318.177
 393.930
 321.755
 316.040
 394.930
 399.115
 405.045
 379.416
 405.690
 406.463
 537.763
 407.403
 538.613
 535.366
 528.184
 449.504
 535.625
 519.796
 528.232
 529.949
 523.133
 531.332
 528.090
 536.666
 528.844
 538.119
 522.761
 529.716
 523.514
 523.216
 436.798
 501.650
 427.219
 522.219
 518.688
 517.866
 509.226
 518.078
 507.307
 513.655
 508.935
 511.559
 520.200
 522.718
 534.742
 533.873
 529.633
 515.530
 518.775
 520.008
 454.177
 529.532
 530.794
 528.866
 529.067
 451.856
 520.887
 451.496
 532.168
 534.080
 535.067
 520.439
 520.938
 527.745
 523.072
 528.916
 521.508
 469.729
 412.812
 416.386
 292.601
 283.890
 273.998
 269.887
 314.810
 289.362
 320.206
 329.233
 262.526
 285.397
 287.947
 412.128
 408.570
 382.410
 329.348
 349.570
 310.757
 377.678
 341.184
 331.742
 318.124
 264.517
 288.048
 280.015
 279.584
 239.732
 306.321
 244.903
 224.541
 229.397
 213.353
 237.596
 232.930
 217.524
 217.724
 220.564
 202.775
 204.834
 214.889
 203.564
 227.612
 229.390
 222.009
 254.221
 330.503
 323.954
 321.807
 280.598
 413.065
 412.314
 460.893
 412.753
 474.546
 538.849
 544.128
 523.768
 546.918
 529.022
 524.729
 540.013
 522.887
 535.365
 542.815
 556.205
 546.902
 548.166
 548.336
 549.569
 546.202
 543.370
 545.782
 550.164
 539.677
 544.797
 549.995
 550.062
 554.689
 553.323
 537.700
 512.205
 538.760
 529.637
 518.495
 516.805
 519.541
 509.277
 486.461
 502.945
 523.965
 539.135
 528.442
 534.212
 523.214
 531.089
 542.067
 549.645
 537.860
 538.106
 514.159
 543.099
 551.301
 551.482
 548.194
 541.823
 558.357
 556.376
 546.876
 549.615
 552.741
 552.351
 548.508
 553.165
 553.554
 557.026
 545.707
 548.015
 543.095
 544.075
 536.824
 534.565
 547.082
 549.542
 538.289
 546.650
 537.914
 550.565
 551.725
 543.690
 535.100
 537.319
 542.440
 540.357
 540.516
 553.119
 551.192
 547.849
 546.621
 552.009
 555.902
 551.446
 537.961
 540.139
 538.444
 543.022
 552.432
 537.675
 548.714
 544.137
 532.478
 540.578
 543.249
 547.892
 547.336
 556.742
 550.575
 548.792
 549.855
 553.025
 534.846
 536.150
 544.404
 539.371
 529.904
 528.248
 520.158
 522.046
 508.607
 510.566
 512.447
 530.348
 535.825
 542.077
 559.251
 556.747
 559.303
 548.991
 561.100
 554.455
 544.363
 551.856
 553.616
 553.152
 555.158
 554.558
 562.163
 555.836
 556.900
 548.373
 555.375
 556.859
 542.424
 558.946
 532.875
 546.267
 546.385
 529.230
 537.175
 540.545
 539.470
 554.250
 545.777
 555.904
 559.360
 546.631
 543.489
 533.020
 518.605
 496.149
 526.487
 519.902
 511.694
 503.235
 517.595
 520.823
 535.206
 517.080
 517.367
 512.903
 514.631
 516.324
 492.481
 468.904
 452.267
 500.698
 487.567
 477.518
 495.511
 481.130
 485.803
 479.470
 469.016
 487.804
 481.800
 452.289
 468.176
 462.353
 448.300
 481.066
 472.804
 463.652
 469.745
 470.207
 458.180
 464.053
 476.882
 478.344
 492.444
 508.919
 488.603
 458.038
 474.625
 458.844
 461.814
 448.263
 448.875
 457.281
 467.109
 477.437
 440.241
 465.941
 479.786
 456.324
 441.303
 423.122
 421.539
 432.336
 443.887
 459.352
 461.317
 463.878
 470.943
 491.520
 471.451
 473.242
 483.385
 478.189
 476.999
 469.922
 468.301
 469.564
 470.885
 464.294
 477.366
 475.163
 485.991
 499.575
 501.473
 486.315
 478.964
 492.023
 477.850
 503.529
 487.037
 492.722
 466.324
 481.854
 495.050
 504.795
 484.662
 469.648
 487.363
 499.778
 519.404
 482.162
 500.094
 481.623
 491.634
 464.686
 482.445
 475.514
 480.408
 481.707
 483.977
 480.640
 485.833
 481.320
 496.660
 490.346
 483.151
 482.022
 475.721
 469.277
 453.668
 465.743
 475.268
 481.298
 491.842
 459.776
 495.447
 477.979
 456.195
 464.864
 471.450
 484.448
 485.101
 482.726
 497.785
 476.891
 478.462
 487.835
 492.389
 494.603
 490.979
 488.947
 479.696
 482.804
 488.825
 476.916
 483.668
 473.389
 468.281
 449.423
 479.967
 492.694
 473.920
 478.044
 488.727
 483.167
 470.509
 482.840
 457.961
 448.443
 419.494
 420.188
 424.520
 459.306
 444.580
 418.676
 425.446
 426.999
 434.528
 441.860
 451.751
 458.878
 453.982
 450.199
 441.984
 465.082
 435.423
 444.797
 452.138
 441.278
 442.668
 435.212
 430.141
 442.520
 455.835
 440.726
 430.662
 414.583
 421.261
 442.990
 445.649
 471.978
 479.410
 480.079
 484.452
 479.376
 479.407
 483.038
 475.121
 487.752
 466.106
 481.729
 490.310
 485.480
 493.754
 488.385
 483.486
 488.807
 462.944
 459.588
 468.010
 448.418
 452.359
 463.582
 457.356
 457.139
 469.423
 492.670
 498.023
 477.737
 476.095
 470.539
 487.015
 495.819
 510.786
 515.042
 515.159
 514.101
 538.395
 542.455
 546.853
 527.250
 530.270
 524.333
 526.217
 529.652
 516.368
 518.821
 521.664
 535.892
 541.496
 548.537
 538.040
 512.050
 521.569
 535.152
 523.368
 494.544
 470.348
 484.163
 481.802
 466.558
 466.446
 464.761
 445.907
 477.436
 456.627
 476.893
 475.037
 496.313
 493.012
 464.885
 486.893
 474.324
 517.026
 468.901
 458.316
 466.865
 438.789
 431.194
 415.776
 405.669
 418.862
 423.255
 417.443
 424.394
 401.463
 377.616
 390.724
 383.169
 415.249
 386.572
 414.297
 400.183
 373.924
 388.721
 367.326
 371.705
 371.602
 387.928
 373.967
 400.355
 412.621
 393.555
 417.640
 438.967
 433.746
 418.015
 417.020
 438.915
 399.634
 420.317
 447.568
 465.628
 456.007
 466.187
 462.370
 453.924
 482.105
 474.505
 483.390
 505.573
 500.006
 492.494
 495.248
 508.048
 531.397
 528.663
 534.953
 523.737
 531.518
 528.821
 529.116
 529.994
 546.461
 516.979
 528.334
 533.123
 523.515
 519.583
 506.649
 493.076
 483.708
 514.604
 516.164
 507.012
 503.465
 511.644
 507.376
 487.809
 505.612
 475.182
 456.580
 450.080
 476.368
 476.344
 496.315
 491.006
 496.951
 501.657
 503.884
 502.633
 490.654
 477.145
 456.790
 462.739
 463.270
 467.796
 500.718
 485.091
 476.781
 473.690
 481.190
 502.222
 482.436
 487.950
 457.201
 481.804
 457.717
 472.883
 471.040
 487.873
 466.175
 467.325
 497.697
 495.747
 486.966
 503.900
 515.870
 510.154
 500.804
 506.588
 506.290
 491.420
 481.828
 482.691
 490.635
 502.259
 501.737
 472.816
 502.868
 480.269
 477.785
 452.934
 476.517
 484.034
 471.517
 465.689
 485.856
 478.580
 494.162
 482.079
 484.286
 510.106
 518.463
 511.118
 521.594
 511.033
 529.602
 526.973
 517.529
 488.252
 507.108
 498.134
 477.803
 458.630
 446.892
 433.205
 449.960
 488.104
 486.886
