   0.917
   0.908
   0.924
   0.931
   0.950
   0.946
   0.976
   0.958
   0.940
   0.884
   0.894
   0.933
   0.920
   0.937
   0.919
   0.970
   0.977
   0.975
   0.922
   0.955
   1.006
   0.964
   0.981
   0.982
   0.923
   0.955
   0.964
   0.921
   0.989
   0.970
   0.929
   0.961
   0.921
   0.971
   0.973
   0.864
   0.872
   0.862
   0.896
   0.892
   0.866
   0.865
   0.871
   0.866
   0.870
   0.880
   0.889
   0.927
   0.932
   0.945
   0.891
   0.901
   0.897
   1.000
   1.002
   0.961
   1.010
   0.938
   0.985
   0.947
   0.937
   0.908
   0.919
   0.899
   0.926
   0.928
   0.903
   0.906
   0.874
   0.887
   0.896
   0.908
   0.868
   0.857
   0.865
   0.797
   0.823
   0.814
   0.781
   0.863
   0.875
   0.830
   0.844
   0.866
   0.854
   0.861
   0.838
   0.882
   0.855
   0.829
   0.873
   0.831
   0.856
   0.863
   0.864
   0.914
   0.886
   0.918
   0.914
   0.901
   0.899
   0.886
   0.902
   0.890
   0.890
   0.892
   0.876
   0.844
   0.852
   0.873
   0.873
   0.846
   0.908
   0.899
   0.924
   0.887
   0.860
   0.902
   0.921
   0.923
   0.899
   0.890
   0.936
   0.937
   0.953
   0.959
   0.941
   0.939
   0.948
   0.942
   0.929
   0.929
   0.924
   0.828
   0.834
   0.824
   0.864
   0.888
   0.890
   0.875
   0.811
   0.858
   0.814
   0.812
   0.816
   0.807
   0.821
   0.827
   0.820
   0.976
   0.992
   0.978
   1.039
   1.027
   1.035
   1.030
   1.021
   1.032
   1.071
   1.030
   1.069
   1.081
   1.072
   1.083
   1.072
   1.016
   0.964
   0.962
   0.965
   0.955
   0.969
   0.970
   0.977
   1.020
   1.001
   0.993
   0.999
   0.999
   0.990
   0.994
   0.983
   0.985
   0.985
   0.976
   0.942
   0.933
   0.928
   0.915
   0.919
   0.925
   0.926
   0.928
   0.929
   0.927
   0.908
   0.922
   0.911
   0.925
   0.909
   0.909
   0.921
   0.909
   0.909
   0.844
   0.956
   0.864
   0.852
   0.847
   0.859
   0.863
   0.888
   0.866
   0.875
   0.821
   0.788
   0.800
   0.801
   0.824
   0.820
   0.820
   0.938
   0.936
   0.942
   0.934
   0.956
   0.939
   0.880
   0.872
   0.846
   0.799
   0.789
   0.841
   0.873
   0.847
   0.839
   0.845
   0.833
   0.791
   0.832
   0.733
   0.811
   0.735
   0.833
   0.853
   0.849
   0.869
   0.926
   0.806
   0.807
   0.783
   0.772
   0.790
   0.846
   0.848
   0.828
   0.841
   0.876
   0.872
   0.884
   0.817
   0.886
   0.852
   0.867
   0.851
   0.839
   0.876
   0.880
   0.839
   0.827
   0.826
   0.796
   0.846
   0.816
   0.752
   0.837
   0.810
   0.841
   0.798
   0.921
   0.844
   0.855
   0.879
   0.862
   0.892
   0.827
   0.833
   0.854
   0.883
   0.862
   0.860
   0.891
   0.871
   0.943
   0.949
   0.910
   0.952
   0.898
   0.862
   0.869
   0.881
   0.871
   0.842
   0.937
   0.935
   0.860
   0.862
   0.854
   0.939
   0.863
   0.855
   0.939
   0.944
   0.950
   0.923
   0.951
   0.953
   1.086
   0.955
   1.087
   1.084
   1.076
   0.998
   1.084
   1.069
   1.078
   1.079
   1.073
   1.081
   1.077
   1.085
   1.077
   1.087
   1.070
   1.077
   1.071
   1.072
   0.984
   1.051
   0.971
   1.071
   1.069
   1.068
   1.060
   1.069
   1.057
   1.063
   1.058
   1.061
   1.070
   1.072
   1.084
   1.082
   1.078
   1.064
   1.068
   1.069
   1.002
   1.077
   1.079
   1.078
   1.078
   1.000
   1.070
   0.999
   1.080
   1.082
   1.084
   1.069
   1.071
   1.076
   1.071
   1.078
   1.070
   1.019
   0.959
   0.964
   0.818
   0.820
   0.806
   0.800
   0.856
   0.822
   0.862
   0.873
   0.792
   0.821
   0.820
   0.959
   0.956
   0.930
   0.877
   0.896
   0.852
   0.923
   0.881
   0.871
   0.858
   0.790
   0.818
   0.812
   0.812
   0.759
   0.853
   0.761
   0.734
   0.740
   0.712
   0.750
   0.751
   0.725
   0.725
   0.730
   0.698
   0.699
   0.720
   0.702
   0.742
   0.743
   0.728
   0.779
   0.864
   0.860
   0.855
   0.801
   0.958
   0.957
   1.009
   0.957
   1.022
   1.085
   1.090
   1.071
   1.093
   1.075
   1.071
   1.086
   1.070
   1.081
   1.089
   1.102
   1.093
   1.094
   1.093
   1.095
   1.091
   1.089
   1.091
   1.097
   1.085
   1.091
   1.097
   1.097
   1.101
   1.100
   1.083
   1.057
   1.084
   1.075
   1.064
   1.062
   1.065
   1.054
   1.030
   1.047
   1.069
   1.083
   1.074
   1.080
   1.069
   1.077
   1.087
   1.095
   1.083
   1.083
   1.059
   1.088
   1.097
   1.097
   1.095
   1.090
   1.104
   1.103
   1.094
   1.096
   1.098
   1.097
   1.094
   1.098
   1.098
   1.101
   1.090
   1.093
   1.088
   1.089
   1.081
   1.079
   1.092
   1.093
   1.083
   1.092
   1.083
   1.096
   1.097
   1.090
   1.081
   1.083
   1.088
   1.084
   1.085
   1.098
   1.097
   1.093
   1.091
   1.097
   1.099
   1.095
   1.082
   1.084
   1.081
   1.087
   1.096
   1.081
   1.094
   1.087
   1.077
   1.085
   1.087
   1.092
   1.091
   1.101
   1.096
   1.092
   1.094
   1.097
   1.078
   1.079
   1.088
   1.083
   1.075
   1.072
   1.063
   1.066
   1.052
   1.055
   1.057
   1.075
   1.080
   1.086
   1.104
   1.102
   1.104
   1.094
   1.107
   1.099
   1.089
   1.096
   1.097
   1.096
   1.099
   1.099
   1.107
   1.101
   1.102
   1.093
   1.100
   1.102
   1.088
   1.105
   1.080
   1.093
   1.095
   1.078
   1.085
   1.091
   1.089
   1.101
   1.094
   1.104
   1.107
   1.096
   1.093
   1.086
   1.072
   1.049
   1.080
   1.073
   1.061
   1.055
   1.069
   1.072
   1.087
   1.071
   1.071
   1.069
   1.072
   1.072
   1.054
   1.031
   1.012
   1.063
   1.044
   1.031
   1.048
   1.033
   1.039
   1.033
   1.026
   1.046
   1.039
   1.009
   1.028
   1.024
   1.010
   1.043
   1.032
   1.018
   1.030
   1.032
   1.018
   1.020
   1.031
   1.034
   1.048
   1.064
   1.040
   1.009
   1.031
   1.011
   1.014
   1.001
   1.005
   1.014
   1.025
   1.033
   0.998
   1.020
   1.030
   1.010
   0.993
   0.976
   0.976
   0.987
   0.999
   1.018
   1.019
   1.026
   1.034
   1.060
   1.039
   1.044
   1.050
   1.045
   1.043
   1.038
   1.037
   1.036
   1.040
   1.029
   1.043
   1.038
   1.050
   1.061
   1.063
   1.049
   1.040
   1.056
   1.041
   1.065
   1.049
   1.054
   1.029
   1.045
   1.063
   1.074
   1.054
   1.039
   1.055
   1.062
   1.084
   1.051
   1.070
   1.051
   1.058
   1.034
   1.052
   1.045
   1.053
   1.052
   1.054
   1.050
   1.055
   1.049
   1.066
   1.060
   1.051
   1.052
   1.043
   1.039
   1.023
   1.035
   1.041
   1.045
   1.058
   1.025
   1.064
   1.048
   1.023
   1.031
   1.039
   1.057
   1.057
   1.055
   1.071
   1.050
   1.054
   1.062
   1.069
   1.072
   1.067
   1.064
   1.054
   1.057
   1.062
   1.048
   1.059
   1.049
   1.044
   1.024
   1.057
   1.068
   1.046
   1.050
   1.062
   1.053
   1.039
   1.053
   1.026
   1.015
   0.982
   0.984
   0.991
   1.025
   1.005
   0.980
   0.987
   0.988
   1.000
   1.009
   1.021
   1.028
   1.024
   1.020
   1.010
   1.036
   1.000
   1.010
   1.021
   1.007
   1.006
   1.000
   0.992
   1.006
   1.021
   1.003
   0.988
   0.973
   0.979
   1.007
   1.012
   1.039
   1.047
   1.048
   1.053
   1.049
   1.045
   1.051
   1.042
   1.056
   1.033
   1.050
   1.058
   1.053
   1.061
   1.056
   1.050
   1.052
   1.021
   1.016
   1.024
   1.005
   1.007
   1.020
   1.014
   1.016
   1.029
   1.050
   1.057
   1.034
   1.038
   1.034
   1.051
   1.058
   1.071
   1.073
   1.078
   1.080
   1.102
   1.105
   1.110
   1.095
   1.100
   1.094
   1.090
   1.094
   1.083
   1.086
   1.083
   1.098
   1.101
   1.106
   1.098
   1.071
   1.084
   1.092
   1.084
   1.063
   1.038
   1.052
   1.052
   1.038
   1.030
   1.031
   1.005
   1.039
   1.020
   1.041
   1.040
   1.064
   1.061
   1.035
   1.056
   1.040
   1.078
   1.036
   1.031
   1.039
   1.013
   1.002
   0.985
   0.973
   0.988
   0.992
   0.986
   0.996
   0.968
   0.939
   0.956
   0.946
   0.983
   0.953
   0.985
   0.965
   0.935
   0.954
   0.925
   0.929
   0.928
   0.943
   0.927
   0.959
   0.971
   0.946
   0.975
   0.995
   0.989
   0.974
   0.970
   0.997
   0.947
   0.969
   1.000
   1.018
   1.012
   1.021
   1.017
   1.008
   1.031
   1.024
   1.032
   1.053
   1.047
   1.039
   1.042
   1.057
   1.080
   1.077
   1.085
   1.074
   1.079
   1.075
   1.076
   1.077
   1.092
   1.062
   1.073
   1.077
   1.066
   1.063
   1.048
   1.033
   1.025
   1.058
   1.061
   1.049
   1.046
   1.055
   1.050
   1.029
   1.047
   1.016
   0.996
   0.989
   1.017
   1.016
   1.037
   1.032
   1.037
   1.042
   1.045
   1.043
   1.032
   1.018
   0.996
   1.002
   1.003
   1.008
   1.043
   1.026
   1.018
   1.016
   1.025
   1.045
   1.023
   1.031
   0.998
   1.024
   0.998
   1.016
   1.012
   1.031
   1.007
   1.008
   1.042
   1.040
   1.031
   1.048
   1.062
   1.056
   1.046
   1.053
   1.052
   1.036
   1.028
   1.031
   1.038
   1.050
   1.046
   1.014
   1.047
   1.024
   1.022
   0.995
   1.022
   1.033
   1.021
   1.010
   1.035
   1.025
   1.040
   1.028
   1.032
   1.059
   1.066
   1.062
   1.074
   1.063
   1.081
   1.075
   1.063
   1.031
   1.051
   1.042
   1.021
   1.002
   0.991
   0.974
   0.991
   1.032
   1.031
