   0.926
   0.865
   0.798
   0.922
   0.786
   0.804
   0.862
   0.794
   0.791
   0.774
   0.861
   0.806
   0.772
   0.774
   0.915
   0.788
   0.785
   0.808
   0.863
   0.910
   0.990
   1.027
   1.009
   0.838
   0.993
   0.984
   0.972
   0.981
   0.927
   0.956
   1.008
   0.943
   0.981
   0.963
   1.006
   1.010
   1.038
   1.080
   1.051
   0.977
   1.020
   1.065
   1.043
   1.022
   1.014
   0.987
   1.004
   1.018
   0.944
   1.056
   1.047
   1.068
   0.989
   1.050
   0.886
   1.010
   1.019
   0.999
   0.992
   1.041
   1.002
   1.020
   1.054
   1.062
   1.029
   0.992
   0.995
   0.980
   0.966
   0.974
   0.916
   0.952
   0.964
   0.969
   0.961
   0.990
   0.990
   0.916
   0.985
   0.988
   0.940
   0.954
   0.902
   0.985
   0.948
   0.931
   0.952
   0.985
   0.994
   0.934
   0.994
   0.981
   0.992
   0.973
   0.953
   0.987
   0.994
   0.880
   0.794
   0.966
   1.070
   0.978
   1.080
   1.060
   1.059
   1.068
   1.066
   1.085
   1.049
   1.069
   1.081
   1.080
   1.079
   1.067
   1.073
   1.056
   1.068
   1.062
   1.059
   1.078
   1.057
   1.073
   1.067
   1.057
   1.082
   1.067
   1.082
   1.080
   1.062
   1.054
   1.058
   1.069
   0.996
   1.068
   1.038
   1.084
   1.040
   1.055
   1.081
   1.057
   1.082
   1.069
   1.084
   1.074
   1.030
   1.079
   1.070
   1.067
   1.080
   1.051
   1.078
   1.046
   1.066
   1.073
   1.073
   0.932
   0.995
   0.983
   0.995
   0.948
   1.014
   0.980
   0.997
   1.019
   0.957
   1.020
   0.973
   1.001
   0.999
   0.926
   0.970
   0.974
   0.980
   1.007
   0.985
   0.951
   1.038
   1.020
   1.025
   0.985
