   2.565
   2.259
   1.910
   1.889
   1.929
   1.893
   2.274
   1.971
   1.928
   1.950
   2.254
   1.961
   1.893
   2.203
   2.546
   1.918
   1.928
   2.244
   2.280
   1.937
   1.897
   1.852
   1.875
   2.025
   1.924
   1.889
   1.950
   1.904
   1.899
   1.880
   1.906
   1.917
   1.936
   1.961
   1.882
   1.845
   1.791
   1.795
   1.870
   1.914
   1.830
   1.879
   1.854
   1.824
   1.815
   1.820
   1.907
   1.868
   1.893
   1.830
   1.848
   1.768
   1.849
   1.831
   1.971
   1.884
   1.827
   1.928
   1.840
   1.781
   1.861
   1.873
   1.787
   1.782
   1.782
   1.837
   1.886
   1.859
   1.880
   1.875
   1.843
   1.778
   1.847
   1.901
   1.804
   1.887
   1.837
   1.839
   1.807
   1.831
   1.882
   1.855
   1.863
   1.826
   1.742
   1.880
   1.763
   1.789
   1.926
   1.885
   1.852
   1.903
   1.795
   1.909
   1.889
   1.815
   1.915
   2.085
   2.145
   1.915
   1.577
   1.805
   1.557
   1.546
   1.886
   1.520
   1.544
   1.547
   1.532
   1.570
   1.561
   1.541
   1.569
   1.549
   1.549
   1.628
   1.554
   1.592
   2.136
   1.844
   1.555
   1.588
   1.536
   1.553
   2.098
   1.574
   1.846
   1.557
   2.140
   1.553
   2.134
   1.536
   2.067
   1.546
   1.524
   1.812
   1.523
   1.618
   1.561
   2.154
   1.562
   1.559
   1.558
   1.542
   2.046
   2.101
   1.526
   1.533
   1.838
   2.142
   1.569
   1.910
   1.559
   2.120
   1.539
   1.827
   1.798
   1.754
   1.805
   1.826
   1.705
   1.775
   1.665
   1.764
   1.804
   1.757
   1.793
   1.702
   1.796
   1.695
   1.750
   1.765
   1.816
   1.780
   1.766
   1.731
   1.701
   1.749
   1.722
   1.752
