8
25
31
38
43
59
65
78
89
117
134
153
175
182
205
226
228
229
230
232
244
249
254
257
259
277
298
301
302
307
313
318
347
348
370
381
388
389
405
421
427
435
448
452
462
464
468
477
484
488
510
538
541
562
563
568
571
572
588
589
592
611
649
659
708
713
717
724
727
760
764
773
799
822
825
829
873
883
897
914
917
929
935
948
1004
1010
1014
1022
1037
1039
1052
1078
1094
1096
1111
1120
1121
1128
1130
1134
1136
1170
1174
1176
1184
1191
1224
1235
1241
1248
1251
1257
1261
1269
1295
1310
1319
1324
1334
1351
1380
1384
1388
1393
1404
1412
1416
1417
1442
1445
1463
1478
1483
1486
1512
1515
1518
1521
1524
1531
1539
1558
1598
1606
1611
1618
1619
1622
1630
1631
1642
1649
1654
1658
1672
1683
1690
1702
1714
1730
1755
1762
1763
1788
1792
1800
1814
1822
1854
1872
1875
1882
1886
1896
1904
1926
1934
1937
1942
1966
1977
1998
2017
2028
2040
2043
2044
2053
2102
2109
2126
2148
2151
2162
2172
2182
2190
2209
2223
2248
2249
2258
2271
2275
2280
2290
2291
2298
2322
2334
2355
2364
2372
2438
2472
2478
2482
2491
2495
2498
2507
2533
2548
2553
2560
2565
2574
2578
2581
2583
2589
2596
2600
2604
2622
2625
2645
2647
2680
2687
2690
2694
2700
2714
2748
2749
2751
2752
2768
2781
2797
2800
2801
2812
2830
2835
2855
2863
2906
2907
2913
2921
2932
2938
2941
2946
2955
2962
2969
2980
2992
2997
3012
3042
3054
3073
3078
3082
3088
3094
3095
3101
3103
3107
3119
3124
3135
3143
3156
3157
3159
3178
3182
3195
3200
3209
3212
3236
3238
3250
3257
3277
3279
3289
3297
3331
3358
3369
3371
3388
3389
3395
3405
3417
3432
3453
3458
3460
3470
3474
3478
3484
3490
3510
3511
3526
3528
3529
3538
3543
3566
3574
3595
3598
3599
3609
3613
3639
3644
3664
3669
3678
3681
3693
3696
3702
3703
3705
3711
3716
3717
3719
3723
3752
3766
3770
3777
3784
3815
3826
3841
3842
3853
3879
3880
3881
3885
3887
3891
3897
3916
3925
3926
3969
4005
4012
4021
4029
4037
4044
4045
4049
4070
4071
4074
4083
4085
4099
4100
4106
4108
4111
4136
4140
4146
4157
4162
4164
4165
4171
4173
4183
4190
4194
4203
4225
4236
4251
4252
4259
4282
4284
4301
4309
4322
4351
4352
4353
4359
4362
4363
4374
4380
4406
4407
4412
4444
4445
4452
4485
4488
4491
4495
4511
4516
4524
4540
4549
4553
4556
4563
4564
4568
4571
4572
4592
4601
4621
4628
4629
4632
4657
4691
4701
4703
4706
4713
4743
4763
4772
4778
4781
4782
4783
4798
4804
4812
4817
4818
4836
4842
4843
4863
4868
4871
4878
4887
4899
4913
4924
4939
4941
4956
4976
4982
4992
5021
5022
5028
5041
5046
5050
5052
5082
5083
5098
5102
5113
5117
5154
5196
5203
5206
5209
5216
5236
5246
5268
5288
5291
5316
5318
5340
5371
5390
5397
5404
5410
5428
5433
5436
5440
5450
5453
5455
5465
5471
5500
5502
5503
5505
5510
5519
5522
5568
5578
5580
5595
5603
5632
5638
5669
5672
5683
5685
5691
5698
5711
5734
5740
5751
5765
5796
5802
5821
5823
5826
5828
5863
5868
5870
5876
5877
5882
5891
5894
5897
5906
5907
5908
5939
5948
5989
5992
6004
6006
6019
6021
6027
6034
6036
6041
6043
6048
6073
6078
6088
6097
6108
6129
6157
6180
6194
6207
6210
6223
6231
6236
6245
6246
6259
6265
6279
6301
6308
6328
6334
6335
6337
6339
6343
6354
6365
6378
6384
6392
6408
6415
6434
6446
6447
6453
6460
6468
6474
6477
6480
6483
6489
6497
6512
6516
6518
6521
6528
6532
6533
6551
6557
6573
6588
6615
6623
6661
6683
6703
6714
6732
6741
6742
6743
6769
6772
6778
6786
6797
6802
6804
6815
6817
6833
6835
6839
6857
6865
6874
6878
6889
6925
6929
6936
6938
6948
6952
6957
6973
6981
6994
6995
7005
7047
7049
7060
7085
7099
7107
7132
7136
7164
7175
7181
7182
7218
7221
7224
7229
7234
7241
7242
7245
7246
7249
7254
7279
7307
7314
7320
7321
7330
7359
7363
7376
7403
7414
7421
7437
7441
7443
7445
7466
7476
7522
7528
7529
7530
7539
7548
7550
7556
7563
7570
7577
7579
7599
7606
7619
7633
7642
7645
7663
7668
7671
7686
7693
7699
7703
7715
7757
7764
7769
7782
7797
7812
7816
7829
7863
7866
7876
7881
7887
7890
7892
7894
7902
7920
7928
7941
7975
7980
7988
7995
8037
8044
8054
8058
8059
8063
8067
8070
8071
8075
8082
8095
8116
8119
8138
8139
8153
8177
8180
8181
8206
8210
8214
8225
8231
8259
8271
8288
8291
8297
8320
8323
8333
8343
8344
8350
8357
8359
8361
8367
8379
8396
8421
8438
8439
8460
8468
8469
8483
8491
8494
8510
8529
8531
8544
8562
8566
8573
8592
8594
8599
8621
8622
8624
8637
8642
8643
8648
8649
8657
8668
8679
8693
8695
8696
8702
8733
8744
8766
8784
8787
8793
8803
8819
8822
8824
8826
8832
8857
8860
8874
8877
8880
8889
8902
8904
8908
8911
8923
8924
8952
8962
8970
9026
9029
9045
9061
9069
9087
9091
9099
9111
9112
9113
9114
9140
9151
9153
9154
9175
9207
9223
9244
9259
9277
9300
9312
9334
9338
9339
9350
9354
9366
9378
9384
9386
9389
9393
9405
9411
9412
9415
9446
9455
9489
9493
9497
9501
9520
9521
9523
9530
9549
9560
9566
9579
9588
9594
9599
9605
9616
9632
9643
9654
9660
9661
9666
9679
9684
9685
9686
9693
9703
9705
9710
9718
9721
9726
9727
9749
9750
9752
9753
9754
9756
9768
9776
9784
9788
9792
9798
9809
9816
9818
9878
9881
9891
9893
9910
9913
9915
9925
9934
9935
9938
9941
9950
9973
9998
10043
10044
10055
10060
10061
10071
10082
10085
10088
10092
10093
10112
10119
10140
10142
10166
10169
10193
10202
10251
10258
10261
10269
10283
10307
10327
10343
10350
10354
10359
10369
10393
10401
10403
10413
10420
10433
10449
10453
10465
10470
10488
10531
10533
10547
10561
10574
10607
10632
10634
10643
10644
10647
10651
10652
10663
10670
10676
10683
10691
10717
10731
10734
10756
10761
10762
10763
10772
10775
10781
10782
10837
10840
10868
10872
10916
10922
10927
10994
11003
11006
11007
11011
11018
11032
11045
11058
11059
11060
11068
11076
11084
11085
11107
11110
11112
11116
11118
11131
11132
11144
11154
11158
11175
11178
11188
11189
11207
11215
11216
11234
11239
11256
11262
11279
11305
11314
11319
11324
11356
11397
11415
11417
11421
11431
11432
11435
11441
11442
11462
11465
11466
11493
11503
11508
11513
11520
11523
11529
11532
11533
11539
11548
11553
11555
11581
11593
11607
11612
11624
11627
11637
11642
11664
11679
11696
11699
11705
11714
11716
11755
11784
11799
11808
11839
11845
11863
11865
11878
11895
11898
11953
11966
11978
11989
11994
11999
12006
12016
12021
12022
12028
12029
12033
12037
12044
12054
12057
12079
12083
12094
12097
12107
12116
12118
12121
12127
12138
12191
12202
12226
12232
12237
12241
12256
12257
12265
12268
12282
12285
12303
12324
12339
12381
12409
12418
12422
12433
12440
12472
12478
12483
12504
12530
12532
12546
12552
12553
12562
12574
12575
12590
12597
12614
12618
12622
12625
12633
12639
12640
12650
12662
12669
12684
12686
12689
12698
12704
12707
12721
12732
12742
12748
12754
12755
12762
12810
12817
12838
12850
12859
12871
12880
12890
12892
12905
12906
12911
12916
12918
12932
12934
12955
12966
12971
12978
12984
12986
12993
12998
13008
13013
13018
13032
13044
13047
13049
13062
13072
13074
13080
13085
13113
13116
13121
13130
13131
13134
13140
13155
13164
13218
13249
13253
13277
13290
13296
13304
13305
13316
13321
13333
13336
13343
13346
13371
13380
13387
13422
13427
13437
13445
13450
13466
13480
13486
13490
13492
13501
13517
13535
13542
13548
13559
13562
13564
13595
13602
13615
13620
13626
13633
13636
13649
13662
13664
13672
13681
13684
13686
13698
13715
13718
13731
13732
13734
13736
13742
13744
13752
13756
13762
13804
13809
13826
13839
13865
13906
13940
13943
13947
13950
13960
13989
13992
13999
14030
14036
14044
14053
14054
14073
14081
14085
14098
14100
14106
14109
14110
14111
14143
14155
14156
14185
14191
14228
14243
14249
14253
14267
14281
14285
14290
14291
14295
14297
14317
14319
14320
14328
14333
14348
14357
14358
14363
14373
14385
14397
14399
14403
14404
14405
14421
14427
14435
14438
14480
14486
14493
14530
14552
14554
14555
14564
14576
14597
14598
14599
14600
14601
14621
14633
14652
14658
14669
14678
14682
14703
14706
14710
14726
14748
14771
14774
14794
14795
14799
14801
14820
14828
14836
14841
14842
14847
14852
14867
14878
14910
14912
14913
14915
14919
14935
14957
14987
15024
15026
15028
15056
15057
15059
15067
15070
15108
15110
15112
15114
15116
15118
15126
15137
15141
15148
15158
15186
15225
15227
15228
15230
15235
15243
15253
15258
15259
15287
15292
15300
15317
15329
15336
15338
15362
15364
15374
15384
15386
15442
15454
15462
15473
15479
15489
15490
15515
15531
15556
15573
15623
15626
15667
15683
15702
15704
15713
15715
15718
15740
15758
15774
15780
15781
15789
15793
15817
15837
15843
15844
15859
15868
15888
15905
15907
15913
15923
15926
15932
15937
15952
15959
15993
16000
16002
16003
16015
16023
16028
16050
16054
16057
16078
16086
16091
16108
16109
16119
16142
16158
16167
16182
16183
16184
16190
16216
16226
16252
16276
16283
16296
16324
16350
16362
16382
16383
16392
16397
16409
16418
16420
16455
16457
16459
16478
16495
16497
16503
16506
16551
16558
16559
16566
16569
16571
16584
16587
16591
16596
16606
16611
16616
16623
16630
16653
16682
16698
16723
16730
16745
16747
16799
16806
16813
16816
16819
16820
16822
16827
16830
16846
16862
16885
16900
16902
16920
16927
16934
16937
16951
16960
16971
16984
17008
17016
17028
17044
17071
17073
17075
17090
17111
17126
17147
17148
17153
17158
17168
17177
17193
17198
17203
17207
17215
17222
17225
17236
17255
17274
17278
17279
17292
17295
17297
17300
17306
17310
17332
17346
17350
17362
17365
17396
17407
17412
17414
17425
17452
17457
17463
17471
17474
17480
17486
17505
17510
17521
17522
17526
17530
17558
17564
17567
17589
17595
17604
17611
17636
17637
17648
17652
17657
17675
17683
17695
17706
17712
17731
17736
17739
17741
17742
17767
17771
17774
17775
17782
17804
17811
17813
17814
17815
17833
17839
17848
17856
17879
17884
17891
17895
17898
17912
17924
17946
17949
17954
17966
17971
17972
17973
17974
17990
17991
17997
18007
18011
18013
18014
18022
18035
18038
18044
18058
18061
18068
18069
18081
18088
18095
18128
18130
18132
18136
18137
18151
18153
18156
18165
18176
18177
18178
18187
18195
18202
18208
18217
18222
18224
18229
18230
18247
18273
18275
18288
18294
18299
18315
18334
18339
18340
18341
18365
18371
18375
18379
18404
18405
18406
18429
18432
18443
18449
18453
18476
18480
18484
18497
18501
18505
18512
18533
18541
18553
18556
18560
18576
18601
18627
18628
18635
18646
18666
18675
18680
18684
18696
18718
18730
18736
18742
18754
18769
18796
18807
18843
18856
18864
18877
18901
18916
18918
18919
18922
18935
18949
18957
18966
18969
18972
18982
18983
18987
19008
19028
19032
19033
19040
19047
19049
19056
19070
19083
19087
19090
19097
19098
19111
19115
19132
19137
19142
19151
19152
19165
19198
19208
19210
19214
19229
19235
19237
19241
19244
19248
19251
19254
19259
19268
19270
19275
19282
19319
19327
19349
19364
19371
19385
19391
19395
19403
19413
19431
19442
19453
19456
19472
19473
19475
19478
19481
19487
19488
19494
19511
19516
19520
19532
19533
19539
19543
19562
19599
19604
19613
19617
19620
19630
19634
19649
19653
19668
19669
19671
19673
19685
19697
19699
19705
19715
19720
19722
19741
19755
19765
19773
19776
19794
19826
19831
19843
19850
19852
19857
19860
19879
19883
19888
19889
19916
19920
19929
19930
19931
19937
19942
19954
19974
19977
19984
19989
20007
20010
20011
20014
20025
20031
20035
20044
20045
20046
20077
20086
20096
20136
20155
20163
20168
20175
20182
20195
20212
20219
20221
20227
20231
20248
20253
20272
20273
20300
20302
20307
20313
20326
20378
20387
20419
20420
20436
20443
20464
20468
20490
20494
20500
20501
20518
20529
20542
20548
20551
20575
20578
20582
20583
20585
20593
20610
20617
20625
20655
20656
20657
20661
20664
20665
20666
20681
20693
20702
20705
20711
20738
20749
20771
20772
20777
20791
20798
20802
20810
20817
20818
20825
20828
20841
20845
20852
20861
20874
20895
20900
20903
20908
20946
20947
20986
20992
20997
20999
21011
21013
21019
21023
21043
21056
21062
21069
21080
21098
21099
21116
21124
21126
21132
21155
21157
21159
21199
21200
21235
21250
21256
21257
21259
21275
21313
21326
21344
21366
21392
21400
21416
21426
21436
21505
21509
21517
21523
21587
21593
21594
21614
21619
21628
21630
21635
21639
21642
21653
21658
21678
21681
21685
21687
21689
21694
21699
21700
21717
21725
21727
21729
21734
21735
21757
21767
21775
21778
21780
21781
21807
21814
21818
21829
21849
21883
21889
21912
21915
21930
21932
21944
21966
21971
22005
22011
22020
22025
22028
22048
22064
22084
22087
22106
22136
22138
22142
22149
22156
22163
22166
22184
22190
22194
22204
22206
22217
22223
22226
22233
22254
22256
22287
22297
22301
22302
22308
22327
22333
22338
22345
22349
22354
22367
22369
22374
22375
22377
22386
22387
22405
22428
22436
22437
22459
22462
22508
22511
22525
22535
22547
22563
22569
22578
22582
22587
22603
22606
22625
22634
22642
22647
22655
22671
22687
22721
22761
22762
22774
22786
22808
22809
22815
22816
22831
22834
22835
22840
22876
22877
22884
22901
22910
22916
22923
22943
22946
22952
22994
22997
23000
23019
23039
23056
23059
23065
23085
23091
23095
23098
23108
23139
23140
23150
23152
23153
23162
23164
23168
23173
23175
23190
23200
23209
23211
23222
23229
23234
23243
23245
23296
23307
23308
23311
23323
23334
23347
23349
23364
23386
23410
23416
23418
23421
23424
23425
23426
23431
23446
23449
23456
23462
23479
23487
23492
23497
23500
23510
23512
23529
23545
23550
23551
23555
23562
23571
23578
23582
23585
23590
23615
23618
23627
23638
23652
23655
23660
23663
23666
23669
23673
23694
23702
23704
23708
23712
23738
23753
23775
23778
23785
23786
23796
23811
23817
23823
23850
23852
23858
23861
23864
23865
23875
23888
23890
23895
23896
23899
23900
23907
23920
23928
23945
23949
23959
23960
23965
23966
23982
23994
23997
24005
24013
24016
24031
24059
24061
24067
24095
24096
24097
24102
24119
24123
24127
24131
24144
24150
24169
24172
24182
24183
24189
24230
24233
24243
24257
24262
24265
24272
24273
24274
24278
24313
24323
24334
24337
24356
24364
24366
24374
24387
24424
24425
24455
24471
24481
24486
24488
24489
24492
24504
24518
24520
24522
24527
24531
24540
24554
24566
24572
24576
24578
24579
24611
24633
24647
24655
24681
24690
24731
24739
24748
24752
24759
24760
24767
24775
24795
24815
24816
24860
24880
24948
24956
24965
24966
24983
24993
24998
25007
25025
25030
25031
25044
25049
25075
25078
25096
25120
25136
25143
25145
25169
25187
25195
25196
25203
25206
25247
25251
25252
25265
25273
25277
25283
25284
25291
25301
25311
25321
25324
25334
25359
25368
25374
25376
25381
25391
25394
25398
25404
25405
25415
25416
25426
25438
25442
25469
25470
25475
25484
25486
25511
25529
25538
25539
25551
25561
25562
25567
25577
25579
25583
25587
25599
25628
25629
25646
25647
25648
25658
25669
25695
25706
25725
25740
25743
25748
25759
25761
25782
25800
25804
25805
25806
25838
25845
25853
25862
25872
25874
25901
25905
25915
25917
25923
25927
25933
25938
25950
25961
25975
26005
26009
26018
26019
26026
26031
26033
26034
26044
26045
26050
26052
26058
26066
26092
26094
26099
26104
26119
26136
26138
26187
26189
26196
26205
26207
26212
26214
26220
26221
26228
26230
26235
26246
26249
26255
26268
26271
26274
26278
26293
26305
26316
26327
26356
26364
26365
26369
26370
26378
26384
26400
26404
26412
26424
26442
26445
26447
26451
26468
26486
26501
26509
26516
26517
26529
26543
26547
26563
26566
26588
26589
26600
26604
26648
26657
26666
26678
26686
26699
26713
26722
26725
26736
26740
26745
26748
26759
26794
26814
26815
26834
26849
26854
26861
26869
26881
26902
26908
26920
26932
26961
26964
26981
26985
26987
26991
27021
27033
27038
27046
27048
27054
27069
27080
27082
27092
27103
27104
27117
27119
27129
27177
27194
27196
27197
27236
27241
27279
27285
27292
27299
27305
27308
27310
27311
27320
27328
27346
27349
27369
27384
27386
27404
27411
27429
27434
27437
27466
27494
27495
27507
27514
27521
27526
27542
27543
27545
27556
27557
27571
27583
27586
27590
27604
27605
27623
27637
27646
27658
27665
27683
27684
27690
27691
27694
27704
27717
27723
27728
27730
27734
27736
27744
27748
27751
27754
27755
27759
27779
27802
27803
27810
27811
27814
27817
27824
27831
27834
27853
27870
27871
27883
27887
27903
27905
27910
27912
27928
27929
27940
27946
27947
27966
27978
27982
28021
28029
28038
28044
28047
28052
28092
28105
28108
28124
28127
28144
28150
28153
28158
28168
28185
28189
28201
28203
28228
28229
28232
28251
28265
28269
28270
28287
28288
28309
28318
28323
28324
28341
28347
28352
28355
28374
28378
28388
28402
28424
28470
28483
28497
28510
28518
28531
28532
28534
28561
28562
28583
28594
28604
28614
28621
28627
28635
28638
28652
28655
28657
28662
28666
28669
28670
28681
28682
28699
28710
28718
28719
28723
28729
28740
28753
28768
28784
28793
28809
28811
28840
28845
28846
28850
28859
28860
28916
28921
28932
28933
28943
28963
28966
28968
28973
28982
28995
28998
29037
29039
29041
29042
29060
29079
29080
29095
29096
29112
29156
29161
29164
29179
29187
29192
29201
29208
29215
29254
29266
29271
29300
29320
29325
29349
29358
29359
29371
29374
29387
29390
29407
29411
29412
29421
29426
29449
29472
29505
29510
29534
29538
29559
29566
29569
29587
29603
29612
29644
29654
29657
29669
29671
29674
29675
29678
29680
29686
29704
29757
29786
29787
29805
29806
29807
29809
29828
29843
29848
29850
29853
29893
29906
29907
29924
29930
29956
29960
29965
29985
29989
29991
29996
30004
30019
30023
30034
30038
30039
30049
30057
30068
30076
30077
30090
30093
30108
30110
30112
30131
30141
30147
30196
30198
30202
30244
30253
30255
30264
30267
30272
30280
30284
30296
30299
30308
30309
30316
30317
30318
30333
30336
30339
30370
30371
30399
30400
30403
30416
30436
30441
30451
30455
30458
30469
30470
30477
30506
30544
30556
30559
30563
30570
30571
30572
30576
30601
30612
30623
30631
30632
30636
30640
30654
30655
30658
30673
30685
30689
30691
30705
30712
30731
30742
30745
30747
30786
30788
30797
30800
30801
30811
30829
30834
30841
30842
30846
30864
30876
30880
30881
30883
30886
30899
30905
30911
30922
30925
30940
30961
30963
30964
30965
30973
30982
30991
30993
31003
31022
31032
31037
31047
31060
31061
31065
31070
31074
31077
31087
31097
31102
31103
31104
31133
31139
31144
31173
31182
31202
31249
31250
31255
31259
31268
31278
31279
31281
31305
31312
31320
31347
31348
31357
31361
31371
31373
31383
31384
31386
31395
31400
31401
31409
31420
31433
31461
31484
31488
31489
31491
31494
31507
31517
31521
31522
31526
31539
31554
31557
31561
31568
31575
31581
31602
31608
31619
31622
31624
31626
31648
31669
31671
31672
31687
31690
31697
31719
31724
31734
31742
31753
31761
31782
31803
31809
31810
31814
31818
31819
31833
31836
31838
31844
31848
31849
31854
31860
31865
31874
31884
31908
31917
31919
31955
31964
31966
31978
31997
32001
32022
32030
32055
32056
32063
32070
32079
32106
32115
32117
32156
32160
32168
32176
32184
32194
32198
32211
32224
32232
32237
32239
32245
32253
32257
32265
32272
32310
32323
32331
32341
32346
32349
32354
32361
32363
32365
32368
32369
32372
32383
32397
32439
32453
32458
32460
32467
32471
32477
32478
32498
32504
32542
32546
32555
32575
32611
32621
32622
32631
32651
32656
32668
32676
32696
32714
32719
32725
32730
32750
32757
32761
32763
32767
32779
32785
32793
32797
32799
32804
32811
32815
32827
32832
32839
32849
32852
32871
32875
32878
32881
32897
32907
32918
32947
32963
32972
32990
32997
33003
33062
33064
33072
33085
33087
33123
33131
33143
33177
33196
33202
33206
33219
33223
33233
33249
33276
33278
33303
33305
33306
33308
33324
33325
33331
33339
33373
33381
33389
33398
33405
33408
33409
33425
33442
33444
33445
33464
33471
33476
33520
33539
33561
33563
33592
33612
33615
33616
33634
33636
33640
33644
33661
33662
33663
33692
33705
33709
33723
33726
33728
33745
33756
33776
33779
33790
33792
33799
33811
33860
33866
33892
33895
33907
33921
33926
33936
33940
33943
33946
33948
33954
33958
33972
33980
34001
34009
34013
34024
34052
34058
34070
34073
34102
34114
34119
34150
34157
34159
34168
34174
34181
34186
34205
34208
34212
34246
34267
34301
34323
34336
34342
34345
34354
34365
34369
34371
34379
34380
34381
34382
34390
34394
34402
34411
34412
34413
34423
34427
34432
34433
34435
34437
34458
34463
34466
34491
34499
34523
34531
34542
34556
34587
34593
34599
34600
34605
34615
34616
34621
34627
34628
34633
34641
34643
34659
34666
34673
34678
34708
34747
34756
34761
34764
34774
34795
34804
34809
34822
34827
34829
34854
34859
34873
34882
34896
34925
34931
34941
34953
34967
34971
34980
34991
34995
34996
35001
35021
35025
35037
35044
35061
35064
35076
35087
35089
35090
35096
35098
35112
35124
35135
35142
35148
35152
35162
35164
35172
35173
35178
35180
35183
35186
35191
35200
35216
35241
35242
35243
35247
35254
35281
35282
35284
35313
35316
35329
35340
35343
35348
35356
35367
35376
35384
35390
35407
35422
35426
35436
35439
35449
35476
35479
35483
35487
35494
35505
35516
35531
35534
35536
35543
35547
35562
35563
35579
35580
35584
35633
35635
35640
35668
35672
35673
35690
35691
35716
35731
35733
35736
35740
35741
35745
35750
35753
35760
35766
35768
35793
35799
35823
35833
35836
35842
35851
35866
35878
35880
35886
35887
35890
35891
35911
35913
35914
35917
35921
35928
35935
35939
35953
35960
35969
36021
36031
36033
36040
36044
36048
36049
36074
36092
36102
36112
36116
36118
36132
36137
36171
36172
36181
36185
36190
36201
36202
36208
36212
36228
36230
36234
36239
36252
36265
36276
36291
36310
36336
36342
36343
36351
36368
36370
36379
36383
36385
36390
36424
36450
36466
36468
36473
36480
36495
36501
36513
36557
36561
36565
36598
36603
36626
36629
36637
36648
36649
36652
36657
36682
36703
36705
36712
36721
36738
36740
36747
36749
36760
36774
36797
36811
36843
36844
36846
36852
36884
36909
36911
36920
36921
36927
36938
36944
36958
36962
36970
36971
36984
36989
36995
36996
37002
37007
37014
37031
37046
37047
37072
37074
37075
37076
37080
37081
37102
37112
37121
37136
37137
37143
37159
37163
37170
37171
37210
37216
37228
37236
37257
37279
37291
37303
37329
37335
37340
37354
37357
37369
37375
37381
37385
37401
37429
37430
37434
37436
37442
37444
37445
37455
37459
37469
37473
37485
37492
37496
37504
37510
37513
37520
37535
37541
37546
37554
37568
37579
37581
37588
37602
37618
37628
37633
37650
37664
37676
37684
37694
37712
37718
37724
37727
37737
37751
37760
37777
37791
37792
37793
37801
37804
37814
37826
37835
37874
37878
37884
37892
37903
37906
37915
37929
37949
37968
37970
37990
37998
38001
38054
38055
38065
38072
38077
38092
38097
38109
38116
38121
38129
38132
38133
38143
38152
38153
38174
38175
38189
38190
38194
38213
38220
38223
38227
38255
38296
38300
38303
38306
38317
38325
38327
38336
38347
38349
38353
38360
38364
38384
38406
38411
38413
38416
38418
38434
38449
38466
38487
38497
38500
38504
38533
38534
38543
38567
38577
38591
38609
38615
38622
38638
38660
38678
38680
38688
38696
38707
38724
38730
38737
38755
38770
38772
38773
38775
38777
38810
38813
38854
38878
38879
38887
38893
38895
38913
38922
38950
38956
38958
38962
38965
38968
38973
39000
39024
39025
39028
39054
39056
39075
39104
39116
39119
39124
39141
39142
39152
39176
39190
39192
39193
39196
39217
39223
39224
39227
39241
39243
39252
39256
39261
39269
39272
39282
39300
39329
39334
39342
39360
39362
39365
39370
39376
39378
39386
39446
39454
39472
39477
39514
39519
39528
39541
39542
39557
39567
39600
39608
39627
39630
39639
39659
39669
39670
39680
39702
39709
39713
39722
39729
39737
39749
39750
39758
39767
39807
39820
39822
39830
39831
39838
39857
39860
39877
39890
39893
39917
39923
39936
39962
39993
40015
40023
40029
40034
40037
40042
40044
40049
40052
40053
40058
40063
40073
40096
40098
40102
40113
40123
40140
40150
40152
40156
40163
40172
40195
40202
40204
40219
40221
40233
40234
40248
40266
40272
40278
40301
40304
40306
40315
40334
40336
40339
40340
40342
40350
40352
40353
40357
40382
40386
40391
40393
40398
40405
40413
40426
40439
40448
40473
40490
40491
40492
40494
40517
40520
40542
40557
40565
40568
40576
40597
40604
40612
40628
40667
40671
40672
40675
40725
40737
40740
40744
40746
40772
40773
40790
40799
40809
40810
40837
40840
40842
40843
40858
40868
40880
40882
40886
40901
40922
40925
40932
40941
40947
40948
40951
40954
40955
40972
40984
41002
41020
41028
41052
41061
41072
41101
41104
41106
41107
41108
41113
41122
41125
41134
41138
41140
41142
41148
41151
41193
41194
41199
41210
41214
41226
41239
41264
41288
41330
41333
41356
41357
41371
41388
41410
41414
41415
41417
41422
41425
41428
41433
41435
41453
41456
41459
41468
41475
41483
41486
41493
41495
41508
41515
41527
41530
41534
41546
41552
41562
41565
41566
41578
41589
41594
41602
41626
41628
41642
41650
41654
41657
41658
41670
41674
41684
41685
41693
41694
41704
41719
41724
41726
41745
41747
41749
41785
41806
41826
41831
41856
41857
41868
41872
41880
41898
41905
41918
41922
41946
41965
41969
41987
41997
41998
42002
42006
42007
42028
42031
42043
42056
42069
42070
42088
42094
42096
42112
42114
42115
42128
42148
42149
42151
42159
42165
42169
42180
42182
42193
42195
42198
42206
42207
42218
42229
42239
42247
42248
42254
42279
42281
42289
42302
42305
42309
42329
42339
42358
42393
42400
42403
42407
42416
42418
42428
42433
42439
42456
42477
42483
42494
42503
42515
42528
42531
42539
42542
42549
42554
42579
42582
42583
42590
42599
42600
42608
42609
42624
42637
42659
42707
42719
42725
42728
42753
42758
42777
42791
42801
42802
42823
42838
42839
42840
42844
42869
42870
42871
42872
42890
42894
42897
42926
42929
42944
42952
42985
42990
43015
43028
43038
43039
43067
43070
43085
43145
43150
43151
43155
43157
43161
43163
43172
43184
43196
43221
43224
43225
43239
43263
43264
43271
43287
43302
43311
43313
43326
43328
43340
43357
43368
43376
43401
43411
43415
43459
43463
43464
43480
43485
43494
43498
43506
43516
43531
43534
43540
43547
43554
43559
43572
43573
43575
43576
43584
43586
43587
43591
43592
43599
43604
43622
43655
43666
43680
43695
43705
43743
43750
43773
43775
43777
43781
43782
43785
43792
43807
43810
43814
43829
43836
43844
43845
43856
43870
43874
43881
43890
43900
43916
43917
43918
43922
43955
43958
43959
43964
43968
43972
43973
43975
43979
43981
43983
43984
43996
43998
44005
44025
44034
44035
44054
44057
44085
44098
44102
44128
44135
44149
44179
44194
44215
44230
44236
44240
44248
44257
44263
44271
44277
44282
44283
44319
44321
44350
44356
44360
44371
44378
44382
44388
44397
44410
44449
44454
44455
44466
44479
44486
44505
44508
44522
44541
44544
44556
44568
44573
44580
44588
44604
44605
44607
44609
44617
44620
44648
44657
44671
44688
44695
44708
44713
44728
44731
44752
44754
44759
44775
44780
44790
44807
44811
44813
44818
44827
44828
44831
44848
44877
44889
44897
44914
44931
44954
44967
44969
44970
44981
44986
44987
45040
45043
45057
45058
45060
45065
45068
45069
45073
45079
45080
45096
45097
45110
45130
45136
45147
45165
45198
45200
45202
45217
45218
45220
45224
45225
45241
45248
45253
45255
45283
45291
45293
45300
45304
45312
45331
45348
45350
45351
45356
45365
45370
45389
45397
45399
45401
45409
45427
45431
45432
45467
45477
45495
45499
45501
45514
45528
45533
45553
45583
45591
45595
45603
45625
45630
45636
45639
45652
45653
45654
45656
45683
45690
45704
45705
45709
45725
45730
45756
45791
45808
45810
45834
45846
45854
45858
45859
45871
45873
45891
45896
45898
45927
45946
45948
45957
45961
45962
45965
45977
45982
45993
46028
46032
46035
46039
46043
46057
46072
46088
46093
46101
46104
46115
46118
46119
46123
46146
46148
46160
46179
46181
46190
46196
46197
46201
46205
46210
46216
46222
46225
46231
46240
46244
46249
46256
46279
46292
46296
46307
46312
46315
46328
46339
46342
46348
46369
46398
46409
46426
46457
46466
46478
46496
46531
46535
46539
46567
46570
46575
46596
46597
46610
46615
46635
46640
46642
46646
46650
46674
46690
46701
46708
46709
46716
46719
46724
46726
46727
46728
46750
46752
46753
46763
46778
46779
46782
46787
46809
46822
46824
46834
46843
46858
46861
46923
46924
46932
46933
46936
46950
46953
46964
46969
46976
46983
46984
46988
47015
47023
47036
47037
47039
47044
47053
47072
47079
47080
47091
47107
47111
47112
47115
47135
47141
47145
47150
47174
47175
47176
47181
47182
47200
47208
47235
47267
47292
47293
47296
47314
47315
47320
47340
47355
47363
47368
47401
47403
47411
47417
47436
47447
47448
47474
47475
47479
47491
47500
47507
47509
47518
47523
47533
47541
47547
47557
47559
47571
47583
47588
47604
47616
47624
47635
47639
47641
47649
47651
47653
47677
47684
47692
47706
47710
47720
47736
47738
47744
47759
47763
47764
47765
47769
47783
47795
47797
47802
47817
47842
47845
47846
47878
47889
47900
47901
47916
47938
47943
47945
47949
47965
47981
47990
47998
48002
48009
48038
48048
48054
48070
48081
48085
48114
48127
48129
48131
48143
48157
48163
48167
48168
48173
48184
48199
48224
48243
48250
48253
48274
48284
48291
48298
48305
48345
48350
48363
48411
48430
48434
48443
48447
48452
48453
48469
48478
48483
48487
48489
48503
48509
48514
48519
48521
48524
48526
48529
48543
48568
48570
48595
48598
48603
48605
48608
48613
48617
48618
48633
48663
48664
48676
48680
48740
48747
48751
48755
48757
48777
48784
48785
48790
48793
48856
48857
48888
48895
48900
48905
48907
48910
48928
48956
48957
48962
48964
48966
48971
48990
48996
48999
49027
49045
49048
49085
49099
49101
49145
49149
49161
49178
49179
49182
49189
49196
49199
49205
49221
49227
49255
49259
49262
49269
49284
49288
49307
49315
49321
49333
49350
49373
49390
49399
49400
49402
49403
49407
49424
49459
49495
49512
49514
49517
49522
49527
49530
49547
49557
49570
49575
49582
49595
49602
49615
49629
49649
49655
49658
49669
49677
49722
49753
49754
49755
49756
49757
49760
49762
49775
49782
49784
49791
49805
49807
49814
49819
49821
49822
49826
49836
49841
49865
49866
49879
49901
49912
49918
49926
49954
49957
49959
49991
50003
