7
27
34
39
43
47
81
84
94
95
114
148
152
166
168
178
192
208
209
210
213
219
226
233
239
245
265
273
283
307
313
330
331
332
358
359
368
372
390
395
406
429
431
445
448
456
461
463
467
496
531
550
553
557
571
583
594
595
599
666
667
688
701
714
718
751
758
766
772
800
804
811
818
832
838
839
840
842
846
849
885
940
953
955
956
968
969
970
971
977
980
1014
1017
1029
1035
1068
1070
1085
1088
1097
1113
1115
1165
1178
1186
1206
1244
1248
1265
1277
1307
1309
1315
1318
1339
1357
1365
1366
1390
1395
1402
1418
1423
1425
1452
1456
1459
1479
1481
1487
1498
1518
1529
1531
1543
1560
1585
1595
1643
1649
1653
1668
1671
1684
1689
1708
1709
1728
1739
1745
1747
1749
1770
1784
1788
1805
1806
1808
1823
1832
1852
1854
1861
1862
1906
1923
1924
1927
1940
1969
1978
1989
1994
2010
2017
2020
2028
2031
2035
2047
2063
2065
2069
2078
2079
2107
2117
2118
2129
2137
2167
2171
2182
2211
2225
2227
2254
2268
2275
2277
2287
2294
2300
2303
2321
2380
2381
2390
2393
2398
2421
2423
2449
2450
2492
2494
2496
2526
2554
2555
2557
2565
2566
2573
2575
2581
2583
2586
2596
2608
2618
2631
2633
2638
2644
2656
2659
2684
2686
2691
2705
2709
2719
2756
2782
2791
2800
2801
2842
2844
2859
2874
2881
2891
2915
2918
2944
2951
2970
2975
2980
2987
2990
2991
2998
2999
3004
3015
3021
3022
3026
3053
3057
3086
3090
3093
3095
3110
3118
3122
3132
3135
3145
3152
3173
3192
3209
3212
3215
3221
3227
3240
3242
3243
3263
3269
3273
3280
3294
3299
3301
3304
3319
3335
3349
3364
3380
3383
3388
3398
3400
3452
3460
3472
3480
3507
3509
3522
3533
3534
3535
3539
3558
3568
3591
3594
3597
3607
3614
3618
3630
3640
3651
3653
3657
3667
3668
3687
3693
3694
3698
3700
3720
3731
3739
3743
3745
3747
3774
3788
3808
3810
3811
3821
3826
3828
3848
3851
3857
3864
3871
3889
3893
3914
3926
3927
3932
3942
3945
3950
3958
3967
3975
3976
3991
4005
4011
4030
4051
4055
4065
4068
4071
4075
4078
4081
4082
4085
4087
4090
4094
4105
4109
4112
4135
4157
4158
4162
4166
4177
4196
4199
4229
4230
4231
4234
4263
4296
4300
4311
4313
4314
4317
4337
4345
4349
4378
4393
4397
4413
4460
4489
4500
4528
4540
4544
4550
4552
4553
4554
4575
4580
4601
4609
4611
4621
4626
4629
4642
4654
4684
4702
4716
4732
4734
4737
4745
4791
4816
4825
4829
4853
4884
4885
4892
4903
4923
4926
4933
4950
4963
4975
4979
4988
4990
4999
5007
5010
5030
5035
5036
5068
5070
5071
5073
5075
5100
5131
5136
5138
5148
5161
5175
5190
5195
5206
5209
5213
5224
5244
5251
5258
5267
5287
5311
5315
5341
5346
5379
5393
5394
5405
5419
5435
5442
5446
5453
5462
5467
5472
5474
5475
5478
5479
5502
5509
5512
5520
5525
5539
5562
5569
5588
5590
5598
5607
5610
5625
5658
5689
5693
5702
5708
5712
5734
5735
5736
5743
5757
5789
5795
5803
5804
5814
5826
5836
5837
5839
5842
5872
5909
5914
5931
5948
5960
5961
5968
5978
5981
5992
6001
6008
6010
6013
6015
6052
6056
6067
6068
6071
6103
6105
6114
6129
6130
6148
6152
6153
6156
6159
6162
6163
6170
6181
6182
6203
6213
6236
6237
6238
6244
6268
6285
6299
6315
6319
6341
6347
6389
6393
6395
6410
6438
6440
6448
6462
6472
6485
6489
6498
6511
6529
6553
6580
6601
6611
6613
6624
6634
6639
6640
6648
6649
6652
6656
6661
6663
6671
6680
6688
6694
6696
6700
6704
6713
6714
6731
6747
6756
6764
6766
6794
6802
6803
6814
6820
6829
6834
6870
6871
6878
6905
6915
6916
6923
6937
6941
6951
6952
6961
6975
6980
6983
7008
7014
7035
7040
7045
7064
7066
7080
7096
7097
7107
7119
7125
7139
7142
7152
7159
7167
7184
7198
7211
7213
7229
7248
7251
7262
7273
7275
7285
7288
7296
7313
7320
7335
7345
7346
7347
7363
7376
7415
7416
7417
7419
7422
7436
7455
7456
7480
7481
7532
7554
7565
7566
7568
7580
7586
7594
7598
7612
7622
7640
7648
7656
7658
7661
7666
7682
7691
7694
7700
7717
7723
7741
7744
7764
7786
7787
7792
7815
7818
7846
7849
7850
7851
7870
7879
7886
7887
7890
7892
7893
7899
7901
7944
7954
7973
7982
7998
8005
8016
8034
8046
8050
8054
8064
8069
8097
8109
8116
8119
8129
8134
8139
8140
8146
8147
8148
8158
8163
8165
8179
8187
8195
8197
8213
8219
8231
8263
8287
8301
8303
8307
8312
8313
8316
8319
8340
8372
8387
8414
8417
8433
8435
8466
8490
8506
8528
8579
8585
8603
8623
8644
8649
8657
8664
8665
8667
8700
8703
8711
8724
8725
8747
8770
8778
8779
8791
8794
8803
8817
8824
8827
8834
8835
8838
8852
8855
8870
8883
8885
8914
8924
8932
8946
8972
8978
8994
9015
9028
9040
9041
9042
9053
9073
9076
9088
9096
9097
9098
9104
9106
9123
9128
9136
9138
9144
9146
9154
9159
9176
9192
9211
9231
9240
9243
9278
9294
9303
9312
9322
9352
9372
9382
9384
9401
9403
9426
9431
9438
9446
9457
9467
9469
9486
9507
9523
9531
9552
9557
9561
9568
9578
9603
9612
9619
9620
9622
9631
9645
9655
9664
9667
9672
9674
9681
9700
9709
9710
9715
9731
9734
9774
9775
9777
9784
9785
9790
9818
9821
9823
9826
9844
9878
9879
9887
9895
9902
9944
9974
9975
9990
10004
10005
10011
10014
10033
10038
10044
10050
10068
10071
10073
10094
10096
10097
10110
10122
10129
10130
10144
10151
10159
10175
10200
10201
10218
10231
10240
10249
10257
10264
10274
10276
10277
10278
10280
10290
10307
10319
10334
10353
10362
10371
10372
10436
10437
10441
10462
10479
10487
10490
10495
10497
10503
10519
10531
10545
10554
10565
10566
10573
10582
10595
10617
10625
10626
10632
10649
10659
10664
10667
10670
10683
10712
10713
10714
10715
10724
10738
10748
10755
10756
10819
10825
10841
10844
10845
10856
10873
10882
10888
10895
10899
10905
10925
10946
10952
10958
10961
10977
10983
10994
10997
11005
11007
11008
11013
11014
11017
11020
11035
11043
11062
11067
11081
11083
11085
11092
11093
11095
11099
11103
11117
11130
11136
11137
11148
11156
11158
11159
11166
11183
11185
11187
11200
11203
11210
11235
11268
11269
11279
11301
11305
11330
11333
11334
11342
11357
11363
11384
11398
11399
11410
11416
11420
11428
11429
11440
11441
11457
11464
11490
11497
11513
11525
11533
11547
11559
11561
11563
11566
11584
11591
11602
11605
11606
11639
11641
11642
11665
11718
11726
11739
11742
11745
11748
11762
11763
11767
11777
11803
11808
11822
11842
11848
11857
11859
11867
11887
11893
11896
11908
11930
11937
11945
11954
11976
11979
11990
11991
11992
11995
12002
12014
12019
12020
12025
12027
12031
12034
12054
12066
12086
12089
12117
12118
12119
12124
12129
12145
12148
12153
12168
12176
12179
12195
12201
12209
12213
12221
12229
12239
12249
12256
12261
12262
12265
12270
12271
12315
12318
12324
12328
12338
12340
12342
12347
12380
12386
12400
12409
12443
12452
12454
12472
12492
12493
12499
12501
12509
12510
12520
12528
12537
12540
12546
12574
12583
12587
12595
12599
12605
12608
12612
12616
12629
12639
12644
12650
12651
12652
12653
12656
12664
12674
12681
12694
12703
12725
12738
12748
12756
12766
12772
12781
12782
12785
12788
12791
12792
12807
12810
12825
12857
12858
12859
12860
12891
12896
12922
12937
12947
12957
12966
12973
12976
12984
12999
13000
13002
13019
13023
13069
13070
13080
13093
13095
13128
13161
13165
13173
13182
13211
13217
13220
13244
13257
13271
13278
13326
13332
13353
13354
13376
13388
13395
13407
13410
13413
13421
13427
13435
13446
13447
13460
13471
13473
13488
13490
13499
13509
13525
13531
13539
13548
13550
13555
13560
13567
13570
13578
13585
13600
13619
13621
13623
13639
13668
13705
13707
13714
13753
13783
13791
13800
13803
13812
13834
13837
13875
13879
13896
13899
13917
13934
13938
13968
13974
13980
13981
13982
13983
13989
13992
13998
13999
14041
14047
14049
14054
14060
14094
14107
14108
14125
14140
14150
14157
14177
14182
14184
14189
14190
14194
14195
14208
14264
14268
14284
14286
14289
14291
14292
14301
14307
14308
14311
14320
14321
14328
14338
14341
14342
14363
14365
14397
14400
14403
14404
14411
14415
14435
14445
14448
14460
14470
14475
14476
14483
14493
14500
14516
14527
14562
14584
14586
14588
14592
14613
14625
14634
14640
14669
14670
14685
14694
14704
14709
14716
14729
14737
14739
14750
14795
14797
14809
14822
14831
14833
14845
14849
14852
14853
14860
14871
14883
14884
14900
14910
14917
14919
14923
14926
14933
14951
14966
14986
14993
15005
15025
15043
15046
15075
15077
15102
15148
15151
15152
15160
15173
15176
15182
15190
15191
15193
15203
15213
15214
15228
15239
15257
15258
15275
15276
15293
15294
15304
15305
15309
15312
15333
15335
15339
15348
15355
15378
15384
15387
15402
15411
15431
15446
15453
15463
15470
15484
15490
15499
15507
15519
15521
15523
15524
15527
15572
15594
15601
15611
15647
15649
15666
15709
15740
15758
15770
15788
15800
15801
15807
15823
15829
15835
15855
15872
15875
15896
15900
15905
15908
15911
15912
15936
15955
15974
16017
16025
16026
16030
16031
16036
16062
16071
16078
16092
16101
16103
16120
16128
16197
16224
16227
16236
16237
16238
16239
16241
16281
16288
16294
16302
16320
16326
16331
16343
16358
16385
16394
16396
16397
16402
16415
16420
16423
16432
16433
16434
16442
16449
16455
16483
16487
16507
16527
16539
16543
16545
16554
16564
16575
16584
16597
16603
16604
16617
16635
16645
16649
16655
16660
16661
16663
16665
16671
16683
16705
16708
16745
16750
16761
16764
16771
16775
16787
16789
16793
16803
16810
16824
16832
16837
16838
16854
16863
16880
16883
16886
16892
16898
16909
16911
16923
16926
16927
16930
16935
16944
16954
16969
16977
16987
17004
17007
17019
17020
17033
17035
17067
17094
17098
17101
17109
17111
17135
17138
17149
17150
17151
17153
17157
17159
17191
17201
17208
17228
17259
17290
17291
17298
17317
17327
17331
17349
17371
17398
17403
17407
17413
17420
17457
17462
17464
17466
17479
17499
17511
17521
17539
17555
17557
17568
17598
17614
17622
17631
17633
17635
17655
17662
17666
17670
17676
17678
17691
17702
17715
17729
17745
17749
17750
17761
17774
17815
17849
17852
17856
17858
17874
17896
17901
17903
17921
17949
17956
17963
17976
17994
18000
18002
18016
18032
18044
18049
18054
18083
18091
18096
18105
18109
18122
18126
18132
18141
18151
18169
18172
18176
18185
18224
18251
18265
18267
18270
18289
18319
18329
18330
18340
18354
18358
18369
18379
18397
18422
18428
18434
18442
18454
18496
18506
18529
18560
18566
18589
18595
18602
18603
18612
18618
18625
18626
18652
18661
18665
18688
18689
18693
18698
18699
18707
18734
18735
18737
18746
18749
18754
18756
18787
18794
18802
18812
18814
18816
18831
18843
18851
18855
18869
18879
18890
18891
18900
18903
18931
18936
18947
18950
18975
18978
18988
19001
19008
19030
19040
19041
19049
19060
19104
19116
19118
19131
19139
19141
19144
19186
19189
19192
19196
19199
19237
19239
19337
19346
19368
19373
19375
19376
19380
19422
19423
19431
19444
19447
19450
19451
19463
19468
19481
19505
19510
19515
19525
19535
19537
19543
19550
19555
19560
19562
19584
19585
19604
19606
19607
19621
19622
19632
19648
19671
19702
19710
19719
19732
19735
19736
19740
19744
19748
19755
19770
19786
19788
19794
19798
19822
19838
19852
19864
19874
19881
19884
19898
19913
19930
19931
19947
19953
19971
19976
20019
20021
20027
20053
20061
20076
20077
20087
20090
20093
20106
20108
20111
20148
20156
20167
20170
20179
20187
20195
20197
20200
20201
20209
20210
20245
20255
20256
20272
20276
20280
20291
20297
20332
20334
20343
20357
20359
20364
20367
20388
20396
20400
20419
20428
20435
20452
20457
20462
20470
20471
20484
20495
20505
20532
20539
20562
20567
20568
20583
20589
20593
20596
20597
20607
20621
20623
20626
20629
20632
20644
20646
20649
20659
20660
20666
20667
20669
20673
20693
20702
20706
20710
20717
20731
20732
20745
20757
20778
20779
20785
20794
20796
20801
20806
20814
20817
20824
20828
20830
20833
20868
20876
20889
20894
20912
20929
20931
20948
20950
20960
20961
20963
20970
20971
20987
21013
21020
21025
21031
21081
21086
21090
21111
21112
21116
21125
21131
21187
21192
21197
21207
21210
21247
21249
21254
21264
21281
21286
21289
21302
21308
21319
21335
21336
21337
21344
21350
21353
21370
21374
21381
21393
21402
21417
21423
21430
21433
21440
21447
21449
21458
21461
21471
21485
21506
21534
21608
21620
21625
21631
21636
21639
21640
21643
21660
21668
21680
21690
21721
21739
21754
21759
21762
21763
21775
21788
21793
21805
21808
21832
21834
21837
21906
21930
21950
21964
21971
21973
21975
21981
21989
22002
22003
22010
22014
22016
22048
22052
22059
22060
22064
22065
22081
22094
22101
22114
22118
22143
22161
22172
22180
22211
22220
22223
22224
22227
22243
22251
22267
22276
22307
22314
22366
22406
22407
22417
22428
22447
22458
22460
22461
22464
22469
22470
22474
22492
22495
22497
22505
22512
22518
22522
22532
22537
22542
22545
22591
22595
22612
22620
22628
22646
22651
22663
22672
22678
22681
22684
22685
22696
22703
22712
22733
22738
22758
22762
22763
22787
22809
22829
22861
22865
22876
22877
22911
22944
22950
22952
22969
22972
22984
22988
22995
22999
23000
23007
23009
23020
23030
23032
23033
23041
23043
23069
23072
23075
23087
23099
23103
23106
23114
23115
23120
23130
23143
23162
23165
23177
23187
23194
23196
23207
23214
23221
23228
23234
23235
23236
23252
23254
23259
23262
23266
23271
23279
23289
23292
23296
23300
23301
23324
23330
23337
23348
23358
23360
23374
23375
23376
23386
23387
23388
23401
23422
23426
23427
23445
23449
23454
23470
23472
23481
23489
23511
23515
23516
23520
23526
23531
23535
23538
23556
23563
23564
23587
23590
23598
23600
23603
23605
23611
23622
23627
23641
23645
23656
23664
23665
23672
23679
23684
23692
23696
23704
23706
23715
23735
23738
23741
23743
23744
23747
23749
23756
23760
23770
23779
23794
23797
23801
23822
23824
23833
23839
23852
23873
23893
23895
23900
23914
23917
23922
23926
23928
23935
23958
23960
23969
23971
23983
23996
24022
24027
24034
24037
24044
24045
24052
24053
24054
24057
24071
24096
24105
24124
24137
24140
24141
24150
24154
24155
24157
24169
24184
24195
24201
24210
24216
24220
24228
24238
24239
24245
24255
24258
24261
24262
24276
24278
24298
24305
24307
24321
24322
24339
24347
24354
24364
24375
24379
24386
24391
24397
24410
24459
24463
24470
24471
24476
24484
24490
24498
24517
24527
24538
24539
24555
24564
24581
24592
24612
24626
24634
24654
24663
24664
24671
24675
24679
24681
24706
24707
24716
24723
24725
24730
24758
24766
24767
24777
24787
24794
24824
24835
24846
24877
24879
24899
24958
24987
25009
25013
25016
25027
25032
25045
25046
25048
25060
25075
25082
25091
25100
25120
25138
25139
25150
25160
25169
25171
25177
25178
25182
25201
25244
25251
25252
25254
25255
25260
25269
25294
25322
25338
25350
25367
25377
25383
25386
25418
25427
25428
25446
25450
25467
25471
25483
25501
25516
25517
25519
25525
25539
25543
25544
25557
25569
25578
25587
25590
25609
25612
25629
25648
25670
25677
25696
25712
25720
25725
25730
25731
25732
25745
25756
25763
25779
25782
25784
25790
25811
25818
25821
25826
25832
25841
25873
25885
25886
25889
25891
25894
25908
25909
25915
25917
25926
25928
25934
25965
25969
25970
25976
26000
26004
26006
26010
26011
26042
26073
26074
26080
26086
26087
26115
26131
26137
26180
26204
26249
26256
26283
26287
26295
26311
26331
26336
26347
26352
26387
26412
26424
26433
26442
26462
26469
26471
26472
26477
26483
26496
26501
26507
26508
26517
26524
26528
26539
26545
26549
26555
26562
26570
26581
26596
26600
26601
26616
26619
26622
26625
26641
26642
26646
26654
26656
26669
26678
26684
26691
26696
26710
26713
26737
26764
26779
26780
26827
26836
26848
26851
26859
26867
26876
26878
26888
26895
26906
26910
26922
26928
26940
26949
26956
26967
26968
26990
26994
27002
27016
27036
27038
27050
27051
27063
27095
27119
27124
27131
27133
27137
27139
27143
27147
27155
27163
27164
27171
27186
27189
27192
27208
27215
27230
27255
27264
27287
27299
27302
27317
27323
27329
27335
27373
27384
27385
27400
27424
27435
27438
27444
27447
27454
27467
27473
27503
27540
27567
27578
27580
27582
27584
27589
27591
27631
27635
27648
27651
27652
27653
27654
27655
27657
27660
27665
27666
27671
27672
27673
27688
27689
27691
27694
27696
27720
27726
27727
27729
27734
27760
27803
27846
27852
27862
27886
27887
27895
27903
27912
27935
27946
27948
27957
27959
27960
27961
27993
28025
28035
28036
28043
28055
28056
28061
28085
28107
28128
28141
28152
28175
28182
28188
28226
28228
28230
28232
28268
28273
28278
28281
28283
28290
28313
28316
28320
28327
28329
28338
28347
28350
28356
28361
28362
28363
28364
28369
28370
28371
28374
28386
28387
28389
28398
28405
28411
28421
28428
28445
28454
28495
28497
28510
28511
28537
28543
28544
28556
28559
28589
28649
28699
28701
28715
28717
28737
28741
28748
28749
28795
28805
28814
28829
28839
28848
28857
28859
28870
28907
28910
28916
28917
28923
28936
28938
28943
28963
28969
28973
28978
28979
28984
28993
28997
28998
29015
29020
29026
29027
29038
29051
29068
29076
29083
29091
29102
29129
29131
29135
29142
29149
29186
29192
29196
29211
29216
29221
29233
29260
29263
29274
29278
29309
29327
29342
29360
29364
29375
29380
29386
29389
29394
29416
29475
29488
29497
29498
29509
29513
29522
29527
29532
29533
29535
29538
29548
29566
29591
29594
29608
29609
29613
29616
29617
29624
29636
29641
29643
29645
29650
29654
29666
29676
29678
29681
29688
29690
29692
29716
29719
29720
29721
29761
29762
29767
29775
29784
29806
29822
29826
29840
29850
29851
29883
29898
29906
29926
29934
29944
29956
29957
29975
29988
30004
30005
30011
30012
30013
30015
30017
30019
30022
30031
30036
30058
30079
30081
30102
30103
30113
30117
30144
30156
30157
30161
30178
30181
30188
30223
30244
30247
30252
30255
30265
30281
30287
30290
30292
30298
30304
30309
30313
30316
30318
30325
30326
30332
30334
30349
30354
30380
30387
30392
30407
30412
30464
30471
30491
30500
30506
30507
30558
30569
30572
30574
30575
30590
30591
30594
30596
30601
30628
30633
30642
30651
30652
30669
30684
30690
30697
30705
30711
30714
30720
30723
30735
30736
30747
30751
30752
30753
30765
30798
30811
30814
30816
30820
30822
30829
30865
30866
30884
30887
30899
30900
30901
30902
30914
30933
30938
30939
30942
30971
30974
30975
30982
30993
31000
31007
31013
31024
31027
31036
31086
31102
31117
31120
31148
31152
31169
31182
31195
31207
31216
31219
31225
31226
31227
31239
31261
31266
31270
31272
31275
31289
31291
31292
31296
31311
31326
31337
31348
31351
31362
31377
31382
31383
31384
31397
31413
31431
31433
31436
31490
31491
31500
31509
31531
31537
31557
31587
31591
31595
31628
31635
31636
31651
31659
31665
31672
31675
31676
31682
31683
31694
31706
31713
31719
31725
31729
31747
31748
31755
31770
31790
31825
31830
31831
31838
31842
31848
31869
31874
31876
31888
31903
31917
31950
31961
31982
31989
31992
31994
32003
32009
32016
32027
32038
32042
32046
32048
32050
32087
32142
32148
32151
32157
32181
32183
32188
32194
32203
32211
32217
32234
32250
32255
32268
32276
32289
32298
32306
32308
32311
32321
32343
32381
32392
32402
32404
32420
32444
32449
32469
32471
32480
32484
32485
32494
32495
32498
32521
32524
32544
32583
32584
32587
32598
32609
32634
32637
32641
32643
32651
32652
32653
32672
32681
32685
32715
32723
32726
32732
32733
32735
32767
32771
32775
32808
32831
32837
32858
32872
32880
32893
32904
32907
32927
32951
32969
32980
32993
33007
33017
33021
33030
33037
33039
33045
33049
33057
33072
33088
33096
33099
33123
33141
33157
33167
33177
33185
33195
33212
33216
33222
33228
33235
33240
33246
33248
33253
33265
33267
33272
33283
33292
33295
33306
33318
33322
33327
33331
33337
33338
33361
33370
33380
33402
33408
33411
33438
33441
33443
33447
33453
33458
33496
33520
33521
33546
33584
33602
33614
33646
33651
33662
33663
33665
33674
33682
33691
33698
33719
33722
33723
33739
33753
33764
33778
33783
33790
33796
33797
33804
33807
33808
33825
33830
33838
33841
33867
33870
33905
33906
33912
33917
33936
33937
33953
33954
33971
33973
33977
33989
33997
34019
34025
34026
34050
34057
34059
34069
34078
34097
34107
34118
34119
34130
34154
34163
34168
34179
34183
34188
34214
34216
34235
34239
34244
34262
34263
34276
34287
34308
34322
34326
34343
34344
34357
34359
34378
34388
34406
34409
34414
34474
34480
34481
34482
34485
34494
34509
34511
34514
34515
34525
34533
34537
34547
34556
34585
34593
34596
34605
34614
34626
34631
34636
34640
34651
34662
34682
34720
34722
34756
34759
34773
34782
34783
34791
34797
34804
34815
34816
34821
34829
34849
34851
34855
34856
34886
34887
34891
34899
34902
34913
34918
34926
34947
34950
34955
34974
35012
35013
35019
35035
35038
35043
35046
35051
35053
35063
35072
35078
35082
35083
35093
35110
35117
35141
35142
35144
35154
35168
35187
35197
35207
35235
35253
35262
35298
35299
35302
35313
35320
35330
35334
35349
35358
35360
35363
35374
35391
35406
35410
35431
35438
35448
35450
35453
35458
35462
35466
35474
35495
35506
35515
35516
35529
35536
35537
35540
35543
35555
35567
35571
35599
35603
35610
35614
35620
35625
35655
35668
35688
35703
35749
35763
35772
35775
35780
35781
35839
35843
35845
35854
35867
35887
35901
35903
35904
35912
35920
35930
35931
35933
35944
35945
35957
35962
35998
36004
36005
36031
36036
36045
36057
36060
36075
36088
36092
36104
36113
36116
36127
36136
36151
36153
36165
36184
36188
36193
36215
36217
36219
36222
36223
36226
36273
36288
36300
36319
36324
36329
36339
36353
36354
36368
36369
36375
36384
36406
36409
36421
36447
36448
36450
36454
36455
36458
36459
36463
36467
36468
36475
36490
36497
36501
36538
36546
36548
36552
36553
36560
36580
36582
36592
36595
36596
36612
36626
36633
36641
36650
36658
36662
36680
36699
36705
36716
36731
36736
36743
36748
36752
36754
36765
36768
36771
36780
36802
36814
36828
36829
36847
36850
36853
36854
36858
36878
36885
36889
36891
36902
36903
36919
36922
36952
36966
36974
36982
36984
36994
37003
37009
37015
37019
37023
37026
37034
37040
37045
37052
37054
37062
37074
37108
37116
37121
37135
37143
37146
37150
37152
37164
37165
37168
37179
37180
37184
37185
37187
37216
37224
37227
37249
37252
37258
37259
37261
37277
37292
37299
37307
37315
37329
37331
37335
37340
37349
37353
37362
37379
37387
37401
37421
37427
37431
37442
37443
37455
37471
37474
37494
37514
37520
37528
37540
37543
37571
37579
37586
37591
37598
37642
37645
37664
37670
37677
37689
37702
37704
37720
37728
37730
37733
37734
37735
37755
37762
37767
37791
37814
37815
37822
37825
37826
37829
37835
37836
37848
37854
37866
37898
37903
37913
37920
37948
37953
37962
37977
37979
37985
38008
38044
38051
38062
38065
38068
38071
38073
38077
38085
38087
38104
38121
38140
38152
38156
38170
38181
38194
38199
38202
38209
38218
38223
38239
38240
38249
38252
38261
38268
38277
38283
38284
38289
38298
38299
38300
38337
38348
38351
38357
38360
38375
38380
38394
38395
38408
38413
38415
38444
38454
38470
38537
38549
38551
38559
38561
38599
38600
38607
38608
38613
38620
38630
38645
38651
38676
38687
38688
38715
38726
38734
38750
38754
38762
38782
38793
38804
38824
38825
38849
38854
38875
38896
38901
38920
38929
38932
38935
38939
38964
38977
38989
38991
39001
39015
39032
39070
39081
39083
39092
39094
39126
39130
39150
39163
39193
39215
39216
39221
39230
39240
39242
39246
39254
39257
39262
39271
39299
39305
39310
39327
39328
39334
39354
39362
39376
39404
39422
39435
39442
39458
39461
39477
39483
39485
39491
39493
39494
39507
39512
39542
39568
39579
39586
39603
39642
39664
39675
39676
39678
39693
39698
39701
39702
39712
39714
39749
39770
39774
39793
39796
39816
39817
39855
39856
39857
39868
39869
39871
39875
39904
39912
39915
39933
39953
39958
39970
39993
40004
40010
40024
40050
40052
40064
40085
40086
40093
40104
40114
40123
40132
40139
40151
40154
40160
40161
40166
40168
40187
40196
40199
40202
40225
40243
40244
40256
40262
40266
40267
40278
40300
40308
40309
40319
40323
40341
40342
40352
40356
40359
40365
40370
40375
40376
40379
40380
40384
40392
40404
40417
40423
40425
40429
40434
40440
40444
40447
40460
40470
40485
40490
40493
40494
40495
40509
40529
40532
40561
40564
40570
40581
40584
40599
40600
40611
40614
40617
40664
40691
40694
40731
40743
40745
40755
40760
40766
40772
40783
40788
40795
40807
40813
40829
40833
40838
40850
40855
40856
40861
40870
40900
40907
40921
40934
40939
40971
41001
41008
41027
41034
41042
41047
41052
41056
41091
41103
41112
41126
41130
41141
41148
41156
41189
41199
41204
41216
41217
41221
41227
41238
41247
41250
41260
41261
41271
41287
41306
41314
41316
41327
41348
41359
41362
41367
41373
41377
41384
41403
41406
41409
41442
41455
41481
41485
41492
41512
41516
41543
41570
41574
41592
41612
41621
41654
41660
41664
41686
41687
41703
41704
41705
41709
41724
41733
41747
41753
41774
41787
41790
41799
41807
41810
41813
41814
41819
41823
41826
41849
41850
41853
41858
41861
41867
41881
41894
41902
41915
41928
41945
41963
41965
41988
42000
42010
42014
42015
42017
42024
42030
42032
42034
42052
42053
42054
42060
42075
42087
42094
42099
42122
42124
42128
42135
42149
42165
42166
42172
42184
42210
42216
42218
42220
42270
42278
42279
42291
42298
42301
42303
42306
42308
42310
42319
42329
42338
42340
42365
42383
42384
42385
42388
42394
42398
42401
42402
42405
42416
42424
42427
42429
42432
42438
42445
42456
42469
42470
42489
42492
42495
42508
42520
42533
42535
42545
42571
42572
42589
42595
42604
42606
42618
42620
42626
42638
42651
42658
42659
42664
42669
42674
42677
42697
42698
42703
42711
42715
42716
42722
42726
42733
42740
42744
42746
42750
42753
42754
42755
42757
42766
42767
42777
42779
42797
42801
42812
42834
42842
42843
42847
42855
42875
42881
42894
42943
42949
42956
42972
42975
42978
42995
43046
43058
43061
43068
43070
43074
43097
43112
43113
43123
43126
43133
43135
43150
43152
43158
43162
43163
43191
43196
43205
43209
43212
43220
43241
43242
43243
43262
43282
43292
43298
43304
43307
43309
43317
43328
43337
43338
43339
43352
43379
43397
43405
43418
43445
43461
43468
43481
43486
43489
43491
43495
43517
43519
43521
43544
43558
43561
43562
43575
43594
43600
43610
43616
43623
43633
43669
43687
43691
43692
43699
43716
43726
43742
43748
43767
43770
43820
43840
43862
43890
43908
43921
43934
43936
43937
43959
43968
43976
43984
44012
44013
44023
44031
44050
44065
44068
44074
44090
44110
44113
44121
44126
44134
44138
44141
44152
44157
44159
44170
44173
44205
44221
44232
44239
44248
44272
44280
44282
44291
44298
44305
44310
44346
44350
44360
44364
44374
44378
44381
44388
44393
44408
44432
44460
44477
44497
44501
44505
44513
44517
44520
44524
44529
44539
44550
44558
44578
44582
44600
44607
44611
44651
44659
44671
44673
44682
44692
44706
44731
44733
44744
44745
44773
44777
44789
44792
44794
44800
44837
44846
44847
44872
44874
44881
44908
44916
44920
44929
44950
44961
44969
44973
44976
44986
45008
45020
45059
45066
45077
45078
45081
45091
45094
45098
45105
45108
45116
45119
45135
45137
45138
45146
45152
45155
45158
45160
45170
45172
45188
45200
45210
45230
45234
45242
45256
45261
45263
45282
45290
45294
45297
45305
45306
45320
45358
45364
45368
45372
45397
45402
45406
45408
45428
45442
45448
45450
45452
45454
45455
45457
45468
45473
45475
45479
45488
45492
45493
45496
45532
45544
45554
45559
45566
45567
45572
45605
45619
45623
45628
45636
45646
45666
45700
45706
45714
45720
45722
45727
45750
45761
45766
45771
45785
45798
45805
45806
45813
45815
45826
45827
45832
45849
45876
45880
45891
45909
45924
45931
45934
45961
45968
45990
45992
46018
46034
46037
46041
46059
46061
46073
46082
46084
46088
46097
46099
46134
46141
46183
46203
46216
46219
46230
46231
46232
46241
46255
46271
46272
46281
46294
46295
46327
46330
46341
46358
46360
46368
46375
46377
46383
46402
46419
46422
46440
46442
46444
46470
46504
46515
46521
46539
46546
46548
46558
46563
46578
46584
46599
46601
46603
46644
46656
46678
46682
46684
46695
46701
46709
46722
46726
46757
46799
46839
46870
46876
46879
46880
46881
46886
46893
46918
46925
46941
46955
46964
46967
46970
46971
46985
47003
47018
47032
47034
47038
47046
47063
47067
47074
47088
47091
47096
47104
47106
47109
47131
47139
47161
47164
47174
47183
47185
47192
47220
47230
47236
47245
47257
47273
47276
47305
47307
47317
47320
47325
47338
47339
47340
47348
47374
47382
47385
47390
47407
47422
47427
47430
47467
47468
47487
47488
47490
47501
47503
47538
47549
47561
47565
47571
47595
47599
47601
47613
47614
47636
47650
47658
47681
47711
47746
47764
47770
47774
47777
47780
47800
47810
47819
47840
47850
47875
47914
47919
47945
47948
47950
47951
47969
47974
47985
47990
47994
48018
48039
48042
48046
48068
48081
48096
48101
48103
48109
48113
48115
48118
48129
48131
48159
48163
48170
48177
48184
48198
48207
48208
48209
48227
48242
48243
48244
48269
48281
48300
48308
48312
48313
48334
48346
48367
48370
48371
48374
48399
48403
48408
48410
48415
48430
48434
48442
48445
48456
48460
48474
48496
48498
48511
48521
48524
48547
48551
48584
48587
48590
48593
48608
48610
48634
48649
48662
48667
48678
48695
48702
48719
48752
48761
48767
48789
48804
48820
48822
48826
48835
48837
48840
48842
48844
48852
48862
48863
48865
48891
48894
48901
48915
48918
48931
48942
48950
48952
48964
48969
48979
48997
49015
49016
49030
49038
49045
49101
49114
49140
49146
49147
49148
49171
49203
49209
49213
49214
49257
49260
49269
49270
49287
49292
49310
49343
49355
49368
49436
49445
49449
49450
49458
49468
49470
49471
49474
49489
49491
49504
49514
49521
49531
49538
49569
49577
49579
49605
49606
49617
49631
49639
49644
49655
49676
49680
49690
49691
49694
49697
49702
49722
49724
49728
49735
49736
49754
49768
49772
49784
49792
49797
49798
49805
49820
49828
49844
49861
49862
49872
49882
49890
49899
49905
49913
49919
49921
49930
49933
49947
49951
49953
49958
49962
49971
49977
49996
49998
50000
50005
50010
50013
50016
50040
50041
50051
50055
50066
50073
50078
50084
50101
50111
50127
50128
50129
50130
50164
50175
50179
50191
50195
50204
50216
50230
50239
50242
50246
50248
50249
50250
50257
50269
50270
50304
50320
50361
50362
50378
50384
50390
50396
50398
50410
50421
50434
50449
50458
50465
50484
50494
