55
60
61
77
81
95
99
103
104
118
119
125
136
143
158
163
167
215
218
235
240
246
248
249
260
275
279
290
294
311
314
338
344
348
350
358
399
416
440
447
450
465
474
478
493
498
523
530
531
532
537
546
548
568
570
579
585
592
595
621
629
643
649
655
659
686
688
746
747
790
803
804
844
858
861
865
866
872
899
912
914
915
921
929
941
951
958
979
990
995
996
1004
1019
1023
1031
1042
1043
1045
1052
1077
1079
1082
1088
1094
1114
1116
1124
1125
1139
1142
1154
1156
1175
1177
1185
1186
1245
1247
1268
1275
1280
1291
1299
1318
1323
1334
1338
1350
1369
1393
1410
1429
1431
1464
1468
1475
1483
1517
1518
1523
1532
1535
1540
1550
1552
1556
1557
1563
1564
1572
1574
1578
1580
1587
1597
1602
1625
1627
1628
1633
1645
1653
1664
1667
1696
1698
1707
1711
1728
1752
1759
1764
1784
1790
1794
1821
1826
1833
1834
1836
1840
1841
1876
1900
1907
1910
1916
1924
1930
1934
1946
1959
1965
1973
2001
2006
2014
2017
2030
2031
2039
2043
2069
2096
2097
2107
2108
2110
2119
2156
2166
2184
2185
2189
2190
2191
2197
2202
2205
2225
2226
2233
2235
2237
2239
2241
2250
2251
2259
2264
2275
2302
2303
2318
2330
2340
2343
2348
2349
2350
2351
2368
2377
2378
2382
2409
2413
2414
2445
2448
2462
2464
2472
2483
2498
2504
2509
2532
2555
2557
2562
2577
2581
2616
2624
2639
2656
2659
2670
2677
2686
2702
2705
2709
2711
2726
2727
2741
2749
2750
2759
2763
2774
2788
2800
2809
2812
2813
2814
2817
2873
2889
2895
2898
2899
2907
2913
2917
2930
2950
2957
2965
2976
2980
2981
3001
3003
3018
3035
3041
3042
3044
3047
3049
3057
3063
3072
3117
3124
3127
3134
3161
3178
3181
3182
3194
3211
3233
3243
3249
3251
3255
3257
3265
3267
3273
3281
3290
3297
3298
3309
3325
3329
3332
3340
3341
3368
3376
3377
3378
3391
3402
3426
3427
3428
3441
3444
3479
3483
3495
3506
3524
3531
3559
3580
3601
3602
3614
3644
3654
3682
3687
3709
3710
3723
3727
3734
3751
3752
3753
3754
3760
3767
3791
3809
3827
3834
3835
3850
3851
3855
3870
3878
3880
3902
3906
3935
3951
3952
3960
3967
4001
4004
4006
4010
4011
4019
4025
4027
4040
4074
4084
4092
4096
4111
4117
4128
4138
4146
4150
4153
4155
4178
4180
4182
4184
4187
4189
4199
4200
4207
4214
4241
4258
4279
4280
4288
4290
4296
4308
4315
4318
4321
4324
4328
4340
4342
4357
4364
4369
4380
4394
4400
4429
4436
4463
4466
4467
4487
4502
4504
4519
4523
4529
4535
4544
4561
4567
4587
4610
4615
4634
4641
4657
4669
4678
4682
4685
4686
4695
4700
4706
4715
4722
4743
4748
4750
4790
4806
4821
4831
4838
4839
4840
4846
4868
4871
4874
4911
4915
4919
4924
4937
4948
4949
4979
4981
4991
5004
5014
5017
5031
5033
5063
5066
5068
5076
5088
5114
5132
5136
5141
5170
5172
5175
5178
5183
5195
5196
5200
5204
5206
5211
5214
5218
5223
5227
5229
5231
5233
5246
5249
5276
5299
5301
5320
5324
5333
5343
5383
5405
5422
5435
5443
5486
5495
5497
5506
5524
5546
5575
5583
5616
5655
5669
5678
5684
5690
5699
5710
5757
5766
5771
5783
5785
5791
5798
5799
5800
5824
5863
5865
5867
5868
5885
5889
5899
5902
5921
5924
5931
5934
5949
5956
5981
5988
5992
6009
6019
6028
6031
6032
6033
6058
6069
6074
6082
6092
6100
6109
6118
6127
6142
6145
6156
6167
6178
6191
6198
6205
6208
6209
6219
6222
6223
6240
6244
6252
6265
6275
6284
6307
6308
6321
6322
6324
6326
6335
6387
6399
6410
6425
6435
6449
6459
6475
6496
6501
6506
6516
6522
6527
6533
6538
6542
6568
6571
6574
6591
6593
6594
6599
6609
6614
6627
6629
6652
6657
6658
6661
6677
6687
6690
6694
6696
6717
6729
6734
6757
6775
6792
6801
6807
6852
6860
6872
6898
6907
6922
6932
6936
6950
6951
6952
6962
6974
7000
7005
7033
7047
7061
7064
7087
7089
7090
7097
7105
7115
7120
7123
7180
7188
7202
7235
7237
7239
7244
7246
7261
7262
7269
7270
7279
7282
7283
7316
7329
7333
7335
7336
7338
7342
7357
7369
7377
7402
7413
7422
7429
7431
7432
7436
7447
7468
7480
7496
7518
7537
7538
7556
7562
7572
7581
7591
7596
7607
7620
7625
7642
7650
7654
7657
7659
7668
7681
7688
7705
7715
7736
7748
7749
7755
7782
7795
7804
7807
7815
7818
7826
7831
7843
7846
7850
7853
7862
7883
7885
7894
7895
7918
7929
7932
7938
7940
7943
7951
7963
7971
7980
7989
8014
8032
8036
8046
8057
8064
8075
8080
8083
8084
8099
8118
8124
8129
8135
8150
8151
8168
8187
8195
8197
8205
8224
8225
8238
8252
8261
8262
8265
8270
8286
8287
8292
8294
8295
8311
8321
8324
8347
8349
8354
8370
8376
8379
8398
8410
8415
8428
8432
8436
8452
8460
8461
8491
8517
8519
8536
8568
8570
8579
8592
8594
8607
8615
8625
8630
8654
8670
8673
8694
8712
8725
8727
8738
8760
8766
8796
8799
8813
8814
8833
8854
8855
8870
8872
8879
8881
8895
8897
8904
8906
8909
8927
8939
8945
8971
8973
8974
8979
8984
8988
8990
9012
9020
9030
9043
9050
9063
9065
9088
9095
9100
9109
9116
9124
9125
9133
9136
9143
9173
9177
9181
9194
9195
9196
9197
9199
9250
9297
9303
9308
9335
9336
9339
9340
9343
9356
9373
9375
9384
9388
9400
9410
9412
9420
9426
9431
9434
9436
9438
9442
9449
9460
9463
9471
9487
9502
9503
9504
9533
9537
9542
9553
9559
9562
9569
9570
9579
9588
9595
9598
9628
9630
9631
9644
9649
9665
9669
9671
9679
9692
9706
9715
9725
9728
9732
9733
9744
9745
9785
9787
9792
9798
9829
9868
9871
9874
9876
9880
9898
9904
9910
9912
9914
9921
9931
9944
9948
9959
9966
9995
9996
10006
10029
10045
10057
10070
10076
10079
10080
10084
10090
10091
10095
10097
10099
10111
10131
10147
10149
10189
10215
10217
10225
10227
10230
10252
10260
10267
10271
10275
10277
10285
10287
10288
10303
10326
10330
10339
10342
10343
10378
10386
10387
10396
10415
10424
10452
10455
10458
10471
10481
10483
10492
10501
10508
10527
10533
10535
10561
10584
10588
10599
10614
10616
10617
10618
10629
10632
10633
10636
10650
10660
10686
10707
10710
10711
10714
10737
10742
10745
10747
10753
10763
10764
10768
10780
10783
10784
10805
10814
10815
10821
10825
10829
10831
10845
10861
10868
10880
10891
10905
10912
10944
10976
10979
11015
11016
11019
11023
11034
11066
11069
11073
11079
11099
11106
11115
11121
11127
11130
11131
11137
11151
11153
11161
11165
11174
11226
11264
11284
11290
11291
11296
11310
11333
11334
11339
11349
11350
11389
11418
11425
11455
11462
11465
11467
11474
11477
11480
11481
11498
11503
11511
11533
11536
11540
11542
11558
11581
11592
11610
11625
11650
11658
11662
11679
11685
11707
11708
11720
11723
11731
11737
11750
11757
11761
11764
11790
11799
11825
11827
11836
11849
11856
11858
11868
11880
11882
11891
11902
11916
11920
11934
11951
11967
11969
11977
11982
11996
12004
12008
12016
12017
12019
12028
12029
12035
12040
12051
12053
12058
12078
12085
12087
12092
12099
12107
12109
12116
12135
12139
12153
12156
12161
12164
12165
12168
12184
12191
12201
12204
12206
12220
12235
12241
12248
12252
12280
12284
12285
12291
12296
12297
12314
12325
12350
12362
12364
12373
12380
12391
12393
12394
12398
12400
12408
12422
12426
12446
12471
12474
12477
12487
12498
12505
12516
12528
12540
12541
12543
12544
12551
12554
12561
12562
12573
12589
12628
12643
12649
12651
12654
12683
12697
12713
12725
12728
12736
12743
12745
12748
12759
12761
12764
12769
12771
12777
12782
12784
12787
12788
12799
12830
12833
12836
12848
12851
12884
12887
12896
12900
12921
12922
12940
12958
12965
12971
12973
12976
12984
12986
12992
12998
13022
13029
13030
13043
13045
13049
13051
13066
13076
13078
13104
13130
13137
13139
13148
13158
13184
13191
13203
13208
13211
13220
13242
13247
13272
13283
13305
13308
13318
13326
13333
13340
13341
13353
13360
13364
13366
13377
13391
13393
13418
13428
13430
13436
13439
13441
13496
13520
13521
13529
13533
13538
13559
13594
13602
13605
13633
13635
13637
13643
13647
13648
13653
13675
13678
13698
13704
13742
13749
13756
13782
13799
13804
13807
13812
13823
13829
13861
13862
13864
13886
13893
13896
13910
13920
13925
13936
13937
13938
13955
13959
13971
13978
13987
13991
14005
14010
14019
14037
14046
14050
14058
14078
14081
14083
14110
14138
14143
14149
14153
14155
14158
14161
14167
14172
14176
14178
14181
14184
14193
14223
14224
14231
14252
14258
14264
14266
14267
14304
14313
14327
14354
14358
14370
14372
14388
14395
14396
14423
14484
14487
14503
14505
14521
14522
14524
14530
14541
14557
14568
14571
14576
14577
14583
14595
14607
14608
14611
14612
14613
14616
14653
14680
14685
14693
14694
14705
14713
14715
14749
14759
14791
14796
14798
14802
14808
14835
14858
14863
14865
14878
14885
14905
14913
14919
14937
14946
14951
14962
14982
14989
14994
15016
15019
15023
15027
15031
15038
15040
15041
15053
15054
15057
15067
15070
15071
15072
15075
15077
15080
15091
15097
15114
15122
15131
15136
15139
15142
15144
15145
15152
15155
15158
15162
15164
15181
15187
15196
15198
15205
15206
15229
15248
15250
15258
15273
15275
15277
15300
15301
15344
15363
15367
15384
15442
15456
15465
15479
15485
15492
15522
15536
15561
15579
15599
15603
15608
15609
15611
15618
15634
15635
15644
15647
15656
15706
15715
15724
15741
15749
15774
15780
15789
15804
15831
15857
15864
15873
15881
15884
15903
15906
15912
15913
15944
15953
15959
15965
15971
15988
15990
15992
16004
16029
16033
16043
16061
16064
16067
16069
16073
16074
16090
16094
16102
16114
16126
16136
16137
16139
16142
16147
16148
16152
16154
16157
16163
16192
16215
16236
16240
16251
16256
16274
16283
16306
16307
16335
16369
16383
16389
16398
16404
16422
16433
16440
16443
16451
16453
16459
16467
16478
16495
16497
16503
16514
16516
16520
16530
16532
16534
16555
16607
16613
16614
16618
16645
16650
16666
16676
16681
16685
16695
16697
16703
16705
16709
16715
16719
16723
16731
16737
16738
16752
16754
16758
16765
16777
16783
16788
16796
16797
16805
16837
16849
16864
16870
16877
16893
16897
16898
16915
16923
16938
16953
16972
16973
16975
16985
16992
16993
16997
17001
17015
17024
17039
17052
17057
17058
17059
17061
17063
17081
17093
17127
17132
17134
17149
17177
17188
17192
17197
17205
17211
17219
17223
17224
17226
17227
17230
17237
17248
17252
17256
17258
17267
17277
17280
17289
17305
17313
17314
17316
17333
17345
17350
17355
17386
17401
17418
17430
17439
17447
17448
17473
17481
17502
17525
17539
17557
17560
17564
17586
17599
17606
17609
17619
17627
17638
17650
17653
17659
17664
17665
17680
17683
17684
17699
17700
17706
17712
17723
17731
17741
17762
17770
17800
17807
17809
17837
17840
17842
17857
17871
17875
17877
17878
17907
17909
17913
17923
17924
17931
17933
17935
17948
17951
17974
17991
18043
18064
18065
18067
18081
18089
18099
18104
18140
18143
18156
18169
18170
18196
18201
18211
18212
18217
18224
18232
18235
18242
18243
18260
18273
18277
18278
18295
18301
18328
18335
18341
18354
18359
18360
18366
18372
18374
18387
18391
18401
18413
18427
18430
18441
18450
18454
18459
18479
18480
18491
18505
18510
18511
18515
18520
18543
18547
18577
18578
18586
18596
18597
18641
18643
18660
18680
18692
18694
18695
18698
18705
18706
18715
18722
18787
18788
18807
18813
18820
18833
18838
18844
18854
18861
18868
18872
18882
18889
18894
18906
18911
18925
18927
18937
18944
18952
18961
18963
18982
18995
19008
19010
19026
19033
19051
19077
19087
19093
19106
19109
19133
19140
19155
19165
19193
19257
19275
19281
19284
19287
19294
19296
19338
19373
19386
19394
19404
19405
19415
19426
19427
19440
19454
19472
19477
19483
19517
19545
19550
19559
19567
19574
19591
19598
19601
19613
19615
19634
19655
19663
19673
19674
19678
19681
19686
19694
19695
19696
19704
19715
19724
19743
19749
19766
19773
19775
19815
19820
19826
19831
19835
19840
19854
19864
19876
19881
19883
19885
19888
19890
19898
19899
19902
19914
19915
19916
19928
19946
19947
19953
19974
19975
19981
19993
19998
20002
20005
20022
20033
20048
20052
20055
20056
20062
20063
20065
20071
20078
20086
20093
20147
20152
20157
20159
20163
20194
20200
20208
20213
20236
20248
20257
20260
20265
20275
20283
20286
20287
20294
20301
20324
20339
20344
20351
20360
20367
20371
20372
20380
20383
20386
20399
20416
20426
20441
20499
20506
20515
20523
20527
20535
20547
20584
20603
20630
20635
20648
20675
20695
20708
20710
20732
20736
20764
20773
20785
20786
20797
20798
20807
20808
20811
20822
20824
20874
20895
20915
20924
20926
20953
20970
20972
20973
20981
20988
20995
21001
21008
21012
21021
21025
21077
21078
21093
21109
21118
21121
21129
21156
21157
21164
21177
21193
21197
21204
21211
21224
21247
21248
21258
21276
21283
21284
21292
21312
21313
21350
21358
21373
21378
21399
21404
21405
21430
21441
21447
21449
21453
21496
21508
21513
21521
21524
21525
21537
21555
21567
21579
21600
21609
21618
21623
21632
21633
21644
21674
21677
21686
21688
21700
21704
21712
21720
21734
21752
21753
21755
21759
21763
21764
21775
21777
21780
21788
21793
21812
21825
21857
21858
21864
21866
21872
21875
21878
21883
21887
21888
21893
21918
21919
21937
21943
21946
21949
21968
21975
21988
21990
22009
22060
22063
22072
22082
22086
22089
22096
22114
22118
22119
22140
22143
22159
22169
22170
22192
22197
22203
22220
22225
22239
22252
22271
22287
22293
22305
22316
22326
22338
22342
22348
22351
22353
22366
22367
22375
22380
22393
22400
22404
22405
22428
22429
22431
22433
22437
22438
22449
22452
22463
22477
22497
22503
22504
22525
22532
22550
22555
22575
22580
22589
22597
22601
22605
22611
22629
22637
22644
22671
22675
22679
22684
22688
22690
22697
22702
22706
22740
22768
22780
22801
22802
22819
22837
22843
22846
22851
22882
22895
22907
22924
22926
22947
22953
22958
22964
23025
23036
23043
23045
23046
23057
23089
23090
23125
23135
23139
23146
23147
23150
23161
23165
23178
23189
23191
23198
23203
23209
23230
23231
23247
23252
23278
23284
23317
23330
23336
23341
23346
23351
23355
23357
23361
23368
23371
23384
23391
23408
23409
23423
23428
23430
23440
23443
23453
23473
23476
23501
23514
23537
23571
23587
23597
23610
23620
23629
23638
23664
23685
23688
23691
23693
23700
23701
23719
23735
23739
23750
23755
23789
23816
23818
23836
23846
23849
23859
23861
23862
23869
23871
23873
23877
23884
23889
23901
23921
23934
23938
23939
23969
23973
23985
23991
23995
23997
24035
24036
24055
24057
24066
24070
24079
24086
24096
24097
24104
24113
24120
24133
24173
24183
24204
24222
24228
24243
24277
24278
24301
24307
24310
24314
24315
24350
24360
24367
24378
24382
24412
24425
24446
24461
24474
24488
24501
24503
24507
24519
24522
24530
24539
24543
24549
24551
24564
24571
24576
24588
24605
24606
24608
24629
24642
24645
24657
24674
24684
24691
24693
24712
24732
24734
24738
24762
24770
24774
24783
24786
24788
24814
24840
24865
24874
24876
24892
24895
24898
24921
24936
24944
24965
24974
24994
24997
25006
25013
25031
25042
25047
25059
25060
25079
25083
25117
25121
25129
25144
25148
25150
25170
25172
25173
25187
25213
25214
25215
25263
25281
25283
25284
25299
25300
25328
25332
25334
25344
25352
25357
25379
25383
25418
25427
25432
25449
25451
25471
25483
25500
25529
25535
25536
25561
25564
25594
25612
25618
25620
25623
25626
25640
25649
25668
25671
25688
25698
25719
25734
25741
25809
25810
25821
25824
25832
25840
25846
25887
25889
25905
25906
25907
25910
25911
25920
25947
25964
25966
25972
25979
25985
26000
26002
26011
26028
26035
26036
26038
26063
26074
26093
26121
26136
26143
26148
26172
26173
26174
26194
26196
26198
26215
26252
26257
26268
26274
26279
26280
26282
26287
26297
26298
26307
26325
26326
26331
26335
26344
26360
26362
26366
26379
26385
26401
26403
26465
26466
26485
26486
26490
26492
26496
26498
26500
26503
26509
26518
26522
26536
26544
26546
26554
26565
26578
26583
26588
26604
26608
26611
26626
26632
26652
26653
26654
26671
26678
26681
26696
26712
26725
26745
26750
26753
26756
26783
26799
26809
26817
26821
26825
26834
26842
26848
26874
26876
26879
26882
26898
26908
26918
26931
26932
26941
26950
26960
26962
26971
26979
27013
27030
27035
27037
27046
27053
27057
27068
27086
27087
27094
27110
27119
27131
27134
27144
27176
27185
27206
27243
27265
27272
27282
27285
27290
27293
27296
27308
27312
27313
27316
27326
27328
27332
27348
27366
27372
27381
27385
27387
27389
27393
27430
27443
27461
27470
27479
27483
27494
27508
27539
27576
27603
27605
27613
27622
27627
27642
27645
27661
27688
27694
27704
27706
27715
27723
27734
27738
27743
27744
27755
27769
27772
27774
27801
27822
27824
27827
27832
27837
27840
27843
27853
27854
27857
27862
27890
27909
27918
27920
27921
27923
27931
27952
27955
27957
27960
27983
27992
27998
28013
28028
28065
28069
28073
28106
28109
28112
28120
28134
28145
28148
28149
28154
28156
28157
28182
28200
28211
28227
28249
28253
28269
28273
28282
28293
28307
28313
28320
28321
28324
28325
28331
28342
28348
28349
28354
28363
28365
28383
28385
28396
28436
28442
28445
28452
28455
28456
28465
28517
28538
28540
28551
28563
28566
28589
28611
28620
28628
28647
28651
28652
28677
28683
28684
28698
28715
28729
28740
28753
28759
28771
28777
28789
28799
28814
28818
28826
28832
28845
28856
28857
28871
28877
28881
28888
28889
28890
28897
28903
28906
28914
28921
28932
28952
28955
28956
28963
28976
28995
28996
28998
29009
29010
29012
29013
29017
29036
29037
29053
29056
29069
29074
29094
29101
29115
29121
29127
29136
29139
29141
29150
29159
29162
29163
29171
29187
29196
29202
29213
29215
29219
29230
29231
29247
29257
29270
29311
29317
29320
29321
29322
29327
29339
29350
29355
29363
29368
29376
29379
29380
29386
29388
29413
29430
29432
29434
29437
29455
29460
29469
29481
29505
29515
29520
29526
29541
29543
29553
29555
29569
29576
29577
29584
29589
29596
29599
29619
29630
29632
29643
29652
29653
29660
29662
29666
29670
29699
29714
29720
29722
29758
29760
29767
29774
29786
29823
29826
29829
29832
29839
29844
29872
29873
29893
29919
29930
29954
29959
29964
29974
29994
30024
30029
30034
30042
30043
30049
30050
30060
30064
30065
30075
30099
30117
30119
30122
30138
30140
30165
30172
30174
30182
30196
30198
30262
30272
30295
30298
30320
30322
30323
30334
30361
30365
30379
30384
30386
30405
30408
30423
30424
30428
30430
30459
30464
30486
30501
30522
30529
30530
30542
30566
30591
30601
30608
30609
30638
30642
30674
30681
30688
30698
30712
30724
30727
30736
30742
30766
30781
30786
30789
30795
30802
30814
30855
30862
30875
30880
30883
30908
30936
30938
30976
30984
31005
31014
31020
31025
31034
31037
31048
31056
31063
31068
31092
31114
31120
31123
31140
31160
31167
31177
31187
31190
31194
31196
31201
31203
31216
31220
31224
31234
31259
31275
31286
31290
31291
31295
31330
31347
31392
31393
31398
31413
31426
31447
31449
31453
31461
31476
31533
31536
31592
31593
31609
31625
31636
31644
31647
31656
31677
31696
31718
31730
31743
31746
31750
31759
31760
31770
31771
31801
31808
31813
31821
31828
31839
31853
31854
31858
31864
31865
31876
31896
31897
31905
31915
31916
31920
31928
31936
31939
31951
31953
31956
31979
32018
32020
32032
32034
32038
32052
32056
32063
32081
32108
32116
32122
32128
32130
32156
32163
32193
32198
32204
32205
32212
32250
32252
32278
32294
32296
32303
32305
32317
32338
32354
32369
32371
32388
32404
32413
32414
32416
32439
32444
32467
32476
32488
32498
32543
32555
32557
32572
32608
32619
32651
32665
32680
32689
32693
32712
32715
32718
32720
32726
32728
32729
32731
32736
32739
32750
32779
32780
32786
32791
32813
32827
32835
32841
32842
32848
32853
32861
32893
32895
32896
32962
32981
32983
32996
32998
33015
33018
33019
33030
33035
33040
33043
33049
33092
33096
33103
33105
33137
33145
33147
33158
33172
33173
33178
33180
33222
33238
33265
33266
33272
33286
33291
33292
33301
33303
33313
33334
33360
33375
33378
33381
33390
33439
33441
33468
33498
33503
33506
33507
33518
33524
33547
33548
33563
33573
33586
33588
33614
33624
33625
33626
33629
33638
33642
33649
33652
33671
33696
33709
33717
33730
33731
33751
33754
33759
33768
33790
33795
33801
33811
33822
33825
33827
33829
33835
33851
33859
33865
33874
33879
33881
33885
33888
33912
33921
33925
33929
33933
33960
33964
33971
33989
33990
34011
34012
34021
34035
34053
34059
34064
34075
34076
34082
34083
34094
34100
34135
34142
34148
34155
34158
34167
34179
34200
34235
34249
34261
34297
34306
34318
34339
34352
34363
34378
34387
34388
34393
34413
34416
34423
34456
34472
34475
34482
34486
34491
34494
34498
34508
34510
34518
34524
34525
34531
34536
34538
34540
34542
34556
34561
34583
34593
34596
34600
34602
34605
34620
34627
34630
34636
34641
34658
34674
34688
34744
34765
34799
34815
34824
34825
34844
34861
34871
34876
34877
34892
34893
34895
34900
34927
34934
34948
34950
34952
34965
34974
34981
34997
35003
35008
35015
35029
35032
35041
35045
35048
35054
35057
35059
35076
35094
35109
35160
35168
35180
35181
35186
35208
35215
35216
35226
35243
35263
35264
35269
35304
35313
35342
35378
35396
35400
35414
35417
35421
35424
35432
35439
35443
35458
35460
35476
35481
35496
35505
35533
35539
35564
35572
35575
35584
35597
35599
35605
35608
35611
35613
35629
35631
35639
35646
35651
35670
35673
35679
35691
35693
35695
35697
35728
35741
35743
35745
35746
35749
35771
35776
35799
35803
35805
35811
35824
35827
35849
35861
35862
35869
35874
35896
35908
35910
35912
35931
35940
35960
35964
35975
35978
35999
36011
36014
36032
36039
36059
36068
36116
36117
36138
36151
36172
36174
36183
36200
36221
36230
36233
36260
36263
36269
36283
36286
36291
36302
36314
36341
36346
36352
36359
36362
36366
36392
36414
36420
36421
36424
36427
36443
36450
36457
36474
36501
36507
36511
36514
36521
36532
36539
36542
36547
36573
36576
36580
36589
36605
36611
36613
36623
36643
36653
36656
36665
36668
36678
36679
36709
36710
36719
36728
36732
36751
36758
36762
36763
36768
36776
36786
36793
36798
36814
36823
36829
36831
36834
36849
36880
36886
36902
36910
36927
36931
36957
36964
36988
36991
36997
37031
37047
37051
37061
37064
37065
37068
37073
37086
37095
37100
37132
37142
37157
37160
37162
37188
37209
37216
37238
37249
37251
37253
37277
37279
37286
37287
37296
37300
37316
37317
37331
37341
37347
37348
37352
37354
37365
37367
37370
37373
37381
37405
37416
37444
37466
37490
37531
37535
37537
37543
37545
37548
37555
37568
37572
37630
37634
37636
37648
37650
37651
37653
37654
37674
37682
37696
37762
37773
37776
37778
37779
37790
37799
37809
37813
37823
37827
37837
37851
37862
37868
37871
37872
37881
37884
37908
37925
37937
37940
37944
37950
37964
37965
37973
37987
37997
37999
38000
38011
38020
38026
38028
38029
38035
38036
38039
38043
38061
38079
38097
38103
38122
38128
38129
38137
38152
38155
38156
38160
38186
38198
38213
38217
38226
38272
38289
38298
38315
38321
38324
38333
38342
38343
38354
38357
38370
38374
38378
38414
38426
38441
38453
38478
38484
38498
38509
38512
38518
38531
38552
38558
38559
38562
38563
38564
38579
38599
38602
38605
38606
38610
38626
38629
38634
38638
38646
38650
38661
38662
38682
38688
38689
38755
38760
38765
38773
38780
38787
38788
38806
38807
38813
38826
38840
38847
38852
38856
38866
38872
38895
38900
38908
38917
38919
38923
38925
38930
38933
38949
38951
38953
38956
38957
38965
38976
38983
38991
39000
39013
39021
39023
39028
39039
39054
39063
39064
39080
39089
39101
39111
39122
39135
39136
39148
39150
39161
39186
39197
39214
39225
39229
39236
39247
39269
39270
39272
39273
39297
39304
39325
39327
39343
39348
39353
39373
39377
39381
39384
39388
39395
39416
39457
39473
39474
39476
39477
39481
39486
39492
39493
39504
39518
39565
39571
39573
39576
39577
39597
39599
39621
39629
39641
39645
39646
39681
39701
39706
39711
39718
39723
39729
39739
39747
39779
39782
39789
39794
39798
39813
39819
39828
39832
39834
39837
39838
39844
39847
39855
39856
39887
39908
39912
39914
39920
39924
39935
39938
39946
39953
39984
39988
39990
39998
40000
40036
40037
40039
40042
40043
40053
40060
40065
40067
40073
40089
40094
40119
40127
40131
40140
40141
40147
40159
40160
40165
40171
40175
40181
40217
40231
40240
40252
40266
40347
40354
40358
40365
40366
40381
40388
40404
40424
40427
40430
40436
40440
40441
40444
40445
40452
40453
40468
40471
40479
40486
40487
40491
40498
40500
40531
40538
40543
40544
40548
40549
40550
40558
40559
40571
40582
40599
40604
40624
40625
40630
40631
40639
40654
40663
40708
40716
40730
40739
40750
40756
40764
40774
40783
40788
40800
40801
40806
40815
40816
40819
40843
40856
40873
40880
40881
40892
40929
40937
40942
40949
40957
40996
40999
41018
41019
41027
41030
41032
41050
41062
41066
41073
41085
41100
41103
41106
41110
41119
41126
41133
41152
41153
41172
41175
41187
41194
41203
41206
41222
41230
41236
41242
41254
41259
41271
41272
41284
41291
41296
41297
41300
41310
41317
41318
41339
41376
41388
41392
41398
41411
41415
41420
41422
41438
41443
41448
41451
41466
41480
41481
41482
41493
41526
41548
41552
41589
41604
41631
41637
41659
41663
41680
41683
41690
41702
41706
41733
41742
41756
41760
41784
41786
41790
41802
41805
41818
41834
41835
41839
41841
41853
41854
41855
41866
41871
41883
41894
41903
41907
41914
41921
41923
41932
41957
41964
42000
42004
42009
42014
42018
42020
42023
42024
42038
42048
42057
42062
42083
42094
42098
42104
42116
42117
42120
42124
42142
42186
42224
42248
42252
42260
42301
42350
42360
42363
42378
42384
42385
42413
42415
42443
42451
42454
42457
42478
42481
42493
42495
42502
42506
42513
42516
42529
42540
42557
42562
42565
42604
42611
42622
42645
42667
42673
42677
42684
42700
42701
42703
42721
42724
42726
42752
42771
42772
42783
42784
42802
42810
42811
42812
42818
42828
42853
42854
42856
42906
42919
42922
42928
42935
42942
42944
42972
43019
43030
43032
43078
43086
43087
43093
43104
43121
43129
43133
43145
43152
43159
43175
43182
43187
43196
43212
43222
43227
43240
43242
43247
43252
43260
43270
43274
43300
43312
43348
43351
43353
43362
43393
43403
43424
43452
43485
43493
43503
43528
43529
43549
43573
43575
43578
43580
43587
43590
43595
43601
43602
43607
43611
43612
43629
43630
43659
43664
43669
43671
43683
43685
43687
43691
43695
43701
43703
43708
43720
43721
43726
43732
43759
43763
43776
43783
43784
43795
43802
43811
43829
43835
43851
43853
43863
43884
43905
43912
43943
43947
43957
43967
43981
43992
44014
44018
44028
44032
44051
44052
44060
44062
44088
44107
44126
44141
44142
44157
44165
44169
44177
44191
44194
44201
44202
44233
44239
44240
44249
44250
44251
44284
44289
44295
44304
44325
44332
44348
44349
44363
44376
44384
44406
44417
44425
44426
44433
44454
44462
44464
44466
44469
44477
44478
44480
44503
44513
44529
44533
44534
44537
44548
44550
44556
44564
44572
44573
44583
44608
44622
44626
44628
44640
44643
44672
44682
44715
44728
44730
44745
44748
44770
44778
44781
44784
44786
44788
44792
44803
44805
44810
44814
44828
44829
44830
44855
44856
44857
44871
44880
44882
44899
44912
44922
44925
44926
44949
44955
44958
44980
44983
44984
44989
44998
45002
45047
45082
45086
45096
45108
45112
45114
45116
45161
45162
45165
45171
45175
45190
45219
45221
45228
45230
45231
45239
45245
45257
45266
45282
45292
45296
45314
45326
45337
45344
45352
45360
45399
45427
45446
45450
45460
45472
45485
45488
45493
45508
45515
45516
45526
45531
45532
45537
45540
45551
45558
45561
45580
45581
45584
45594
45599
45601
45605
45638
45641
45661
45667
45669
45670
45671
45675
45696
45703
45706
45724
45766
45787
45795
45815
45825
45828
45841
45844
45852
45862
45881
45882
45897
45898
45908
45924
45947
45960
45963
45965
45975
45982
45987
45988
45989
46005
46006
46019
46023
46030
46037
46038
46042
46046
46048
46072
46099
46100
46118
46132
46134
46147
46159
46161
46162
46174
46187
46191
46193
46213
46226
46227
46236
46243
46249
46263
46267
46276
46295
46299
46302
46310
46314
46319
46320
46346
46349
46354
46355
46357
46374
46381
46387
46394
46403
46420
46434
46447
46470
46481
46486
46501
46508
46513
46527
46530
46560
46575
46577
46600
46602
46604
46642
46644
46646
46658
46666
46675
46706
46717
46719
46722
46725
46734
46742
46750
46772
46796
46802
46808
46820
46843
46854
46857
46873
46880
46893
46894
46904
46908
46918
46923
46936
46940
46958
46972
46977
46981
46982
46992
46993
47002
47007
47019
47027
47028
47036
47050
47078
47079
47082
47090
47114
47115
47126
47129
47133
47134
47137
47139
47147
47151
47153
47155
47157
47180
47198
47200
47201
47232
47234
47240
47246
47255
47267
47271
47272
47276
47285
47304
47314
47318
47319
47323
47380
47385
47394
47395
47397
47399
47406
47408
47413
47425
47426
47445
47456
47487
47496
47502
47514
47516
47517
47533
47537
47554
47559
47560
47562
47569
47576
47579
47586
47593
47599
47610
47636
47641
47644
47647
47656
47659
47661
47670
47675
47686
47687
47698
47706
47709
47717
47729
47746
47759
47766
47776
47778
47789
47841
47853
47880
47886
47887
47889
47891
47905
47932
47947
47950
47978
47979
47980
47983
47986
48004
48033
48042
48050
48058
48062
48077
48090
48091
48110
48117
48122
48133
48134
48142
48143
48177
48178
48183
48192
48205
48207
48215
48216
48221
48224
48244
48246
48249
48252
48256
48260
48263
48273
48275
48282
48311
48316
48350
48352
48363
48366
48372
48375
48393
48410
48412
48455
48459
48471
48490
48491
48523
48550
48558
48567
48594
48596
48618
48620
48621
48623
48629
48638
48644
48646
48647
48653
48661
48667
48689
48722
48762
48783
48797
48799
48806
48821
48824
48830
48839
48840
48845
48851
48861
48875
48882
48886
48897
48911
48924
48927
48933
48951
48965
48967
48978
48984
49013
49049
49052
49054
49069
49085
49086
49096
49097
49101
49105
49106
49119
49121
49126
49135
49145
49146
49157
49160
49162
49164
49165
49172
49174
49177
49188
49207
49213
49235
49243
49249
49253
49256
49264
49265
49292
49293
49322
49328
49360
49374
49387
49395
49396
49398
49423
49431
49443
49458
49477
49478
49492
49493
49500
49507
49519
49560
49564
49578
49586
49595
49599
49600
49612
49621
49629
49657
49660
49668
49685
49686
49691
49693
49712
49734
49781
49782
49793
49810
49816
49825
49836
49837
49866
49870
49878
49888
49903
49910
49915
49923
49929
49934
49968
49970
49980
49985
49989
49998
