1
13
21
40
42
46
47
57
66
69
73
77
106
118
125
134
137
147
149
150
156
167
179
180
187
195
197
206
218
222
223
230
249
269
281
299
301
311
314
321
329
331
343
354
367
388
394
417
426
431
447
448
453
463
467
473
508
526
544
550
554
557
561
586
601
634
639
642
643
644
648
650
660
672
677
681
694
703
708
715
716
733
741
743
748
771
774
777
784
787
794
804
820
824
837
845
849
853
859
860
862
865
881
887
891
924
929
932
936
949
951
966
968
974
995
1013
1058
1059
1061
1087
1101
1108
1111
1112
1119
1125
1132
1133
1144
1159
1160
1195
1209
1220
1221
1222
1223
1224
1237
1243
1251
1252
1255
1258
1262
1309
1312
1313
1314
1315
1319
1359
1362
1389
1414
1424
1426
1438
1448
1456
1461
1464
1465
1473
1481
1487
1512
1517
1528
1532
1542
1564
1566
1598
1613
1654
1669
1684
1685
1690
1695
1705
1721
1727
1748
1758
1760
1764
1769
1788
1803
1813
1819
1820
1824
1844
1874
1886
1919
1926
1939
1950
1970
2002
2020
2030
2040
2052
2055
2056
2057
2067
2079
2092
2113
2116
2124
2125
2126
2128
2134
2144
2146
2171
2180
2191
2214
2233
2277
2288
2309
2330
2347
2349
2364
2375
2382
2391
2416
2432
2441
2442
2459
2461
2471
2510
2534
2543
2549
2592
2603
2609
2612
2613
2618
2631
2658
2660
2670
2671
2695
2709
2728
2741
2742
2747
2757
2776
2787
2795
2804
2829
2843
2844
2846
2852
2885
2893
2901
2910
2913
2916
2928
2930
2948
2952
2977
2993
2996
3000
3005
3019
3033
3035
3082
3088
3135
3144
3152
3158
3165
3175
3192
3199
3200
3204
3211
3234
3268
3279
3287
3296
3300
3312
3332
3341
3367
3382
3412
3418
3428
3432
3439
3446
3450
3451
3454
3461
3462
3463
3474
3477
3486
3488
3495
3496
3501
3506
3516
3519
3525
3527
3537
3540
3543
3551
3570
3577
3612
3616
3619
3623
3635
3636
3655
3680
3683
3692
3699
3700
3708
3717
3724
3736
3740
3765
3770
3779
3792
3814
3816
3819
3823
3834
3835
3838
3841
3849
3850
3859
3891
3904
3914
3947
3966
4011
4031
4036
4046
4051
4052
4060
4070
4076
4081
4087
4128
4129
4130
4134
4140
4152
4155
4169
4176
4177
4197
4219
4222
4234
4243
4246
4250
4253
4272
4280
4281
4293
4296
4305
4322
4342
4344
4360
4371
4376
4409
4419
4425
4426
4436
4446
4459
4465
4479
4481
4492
4495
4497
4503
4534
4543
4544
4550
4570
4590
4594
4606
4613
4619
4620
4648
4649
4686
4691
4716
4750
4753
4754
4760
4764
4780
4781
4796
4805
4808
4869
4872
4875
4880
4890
4892
4898
4915
4924
4941
4951
4967
4973
4999
5001
5002
5004
5006
5007
5031
5032
5047
5049
5055
5058
5076
5088
5092
5125
5142
5146
5147
5151
5169
5170
5180
5181
5185
5187
5221
5229
5277
5284
5294
5316
5333
5338
5369
5376
5412
5415
5430
5436
5491
5496
5506
5508
5510
5519
5526
5532
5533
5557
5561
5585
5602
5607
5620
5623
5624
5627
5637
5638
5640
5654
5661
5663
5664
5666
5681
5700
5702
5703
5727
5728
5739
5761
5764
5773
5775
5776
5798
5801
5814
5824
5828
5840
5862
5877
5883
5893
5895
5905
5906
5907
5908
5930
5944
5948
5960
5968
5971
5974
5976
5994
6003
6012
6029
6034
6039
6047
6057
6077
6122
6132
6144
6145
6147
6153
6154
6190
6205
6207
6222
6229
6282
6286
6287
6293
6294
6351
6364
6375
6380
6390
6394
6400
6403
6404
6412
6413
6417
6423
6430
6434
6438
6447
6448
6488
6489
6495
6507
6510
6512
6518
6519
6526
6534
6544
6548
6599
6614
6618
6623
6627
6631
6636
6641
6648
6649
6669
6696
6707
6711
6751
6757
6784
6787
6793
6822
6823
6825
6830
6833
6844
6848
6851
6854
6864
6866
6877
6882
6886
6910
6917
6955
6963
7000
7009
7025
7026
7052
7069
7073
7080
7089
7093
7097
7103
7104
7160
7174
7208
7221
7230
7237
7242
7246
7258
7260
7263
7265
7267
7272
7303
7304
7316
7326
7334
7347
7350
7362
7372
7374
7375
7376
7385
7387
7392
7394
7411
7422
7453
7457
7461
7462
7475
7476
7507
7517
7519
7524
7527
7530
7547
7550
7572
7575
7590
7595
7596
7604
7629
7647
7669
7670
7676
7678
7681
7688
7696
7712
7717
7738
7775
7783
7794
7815
7820
7825
7838
7864
7870
7877
7882
7883
7893
7920
7938
7948
7960
7976
7993
8002
8012
8019
8038
8042
8065
8082
8084
8086
8092
8101
8116
8119
8135
8145
8170
8177
8178
8183
8198
8202
8208
8210
8214
8224
8229
8231
8232
8238
8260
8283
8290
8293
8299
8307
8313
8316
8322
8327
8331
8335
8339
8347
8352
8360
8377
8385
8386
8387
8412
8417
8418
8429
8434
8442
8460
8462
8463
8473
8478
8488
8493
8496
8503
8508
8513
8530
8563
8585
8602
8610
8612
8618
8622
8630
8631
8637
8647
8653
8662
8664
8668
8671
8680
8699
8704
8707
8711
8718
8725
8726
8765
8768
8784
8785
8786
8791
8806
8809
8817
8825
8841
8845
8857
8872
8878
8886
8898
8902
8913
8914
8915
8921
8947
8952
8988
9007
9053
9055
9058
9073
9094
9097
9099
9105
9112
9122
9131
9134
9152
9153
9164
9174
9180
9187
9236
9250
9258
9265
9270
9273
9277
9286
9290
9315
9323
9325
9329
9338
9349
9354
9368
9404
9409
9413
9418
9423
9436
9440
9461
9464
9467
9479
9480
9483
9501
9504
9513
9524
9541
9543
9546
9549
9553
9592
9598
9610
9640
9645
9656
9690
9692
9708
9709
9711
9719
9721
9741
9749
9758
9770
9790
9797
9817
9829
9833
9843
9851
9852
9860
9871
9876
9883
9887
9889
9917
9922
9929
9932
9944
9948
9958
9962
9970
9971
9978
9979
9993
10005
10008
10025
10045
10049
10053
10059
10082
10083
10095
10097
10120
10134
10135
10144
10145
10150
10191
10217
10223
10236
10253
10282
10291
10298
10305
10307
10317
10323
10324
10333
10346
10349
10354
10395
10404
10410
10424
10431
10435
10445
10462
10477
10481
10490
10496
10512
10517
10529
10541
10545
10553
10561
10562
10567
10570
10582
10590
10613
10615
10622
10625
10634
10640
10656
10660
10668
10669
10678
10684
10715
10717
10734
10744
10753
10759
10762
10788
10789
10796
10807
10819
10821
10840
10846
10850
10866
10878
10884
10905
10906
10936
10937
10970
10995
11003
11007
11019
11038
11041
11042
11043
11060
11061
11074
11081
11084
11091
11123
11126
11127
11133
11134
11136
11163
11164
11166
11169
11172
11174
11185
11211
11217
11222
11226
11227
11233
11250
11254
11267
11293
11297
11313
11324
11326
11341
11347
11363
11366
11396
11397
11400
11416
11417
11420
11421
11424
11426
11484
11487
11502
11505
11529
11541
11542
11550
11558
11560
11567
11589
11593
11595
11604
11607
11633
11669
11678
11723
11732
11734
11736
11738
11739
11740
11742
11755
11765
11772
11779
11803
11807
11810
11811
11820
11822
11830
11837
11858
11870
11875
11899
11919
11945
11984
11988
11997
12001
12020
12021
12030
12048
12067
12068
12069
12077
12087
12093
12106
12127
12128
12135
12193
12200
12205
12209
12213
12222
12227
12237
12244
12257
12277
12279
12288
12304
12310
12323
12324
12325
12332
12338
12344
12347
12360
12361
12369
12375
12376
12385
12393
12419
12425
12441
12444
12461
12487
12489
12493
12495
12519
12521
12522
12525
12527
12532
12554
12563
12572
12576
12582
12591
12598
12609
12614
12627
12634
12639
12653
12655
12673
12683
12685
12688
12701
12705
12709
12712
12718
12722
12728
12732
12761
12766
12782
12805
12812
12815
12818
12823
12826
12830
12858
12860
12871
12879
12883
12892
12926
12927
12932
12940
12948
12954
12967
12980
12982
12994
12996
13023
13039
13040
13043
13044
13045
13053
13056
13068
13069
13070
13088
13099
13119
13125
13135
13136
13139
13149
13177
13190
13194
13197
13204
13230
13237
13250
13258
13264
13267
13270
13271
13303
13313
13333
13335
13345
13346
13374
13390
13393
13427
13428
13435
13449
13451
13455
13457
13471
13481
13503
13514
13521
13523
13532
13565
13567
13609
13611
13618
13637
13691
13711
13723
13752
13763
13771
13773
13781
13804
13828
13830
13843
13862
13866
13876
13880
13881
13886
13919
13927
13929
13930
13942
13943
13949
13952
13985
13991
13994
13995
14002
14031
14047
14056
14057
14059
14076
14104
14123
14135
14140
14141
14162
14169
14175
14180
14187
14189
14205
14216
14241
14247
14251
14285
14289
14295
14298
14303
14313
14319
14321
14326
14344
14356
14358
14360
14376
14392
14395
14405
14419
14434
14439
14440
14447
14474
14509
14528
14536
14544
14549
14551
14569
14571
14578
14587
14597
14618
14624
14657
14662
14663
14673
14683
14687
14690
14701
14704
14725
14743
14747
14757
14768
14775
14783
14793
14815
14821
14851
14853
14887
14909
14912
14927
14956
14959
14971
14998
15000
15002
15004
15019
15021
15023
15030
15039
15048
15053
15060
15061
15065
15066
15067
15085
15091
15098
15105
15106
15119
15123
15124
15135
15136
15146
15159
15161
15184
15191
15217
15230
15256
15276
15284
15290
15297
15349
15351
15362
15365
15399
15409
15413
15421
15424
15449
15459
15461
15468
15476
15487
15502
15512
15521
15531
15549
15564
15568
15579
15582
15583
15589
15597
15613
15622
15623
15627
15630
15637
15658
15662
15676
15692
15693
15719
15722
15724
15726
15733
15737
15742
15753
15757
15780
15781
15790
15804
15808
15811
15821
15823
15824
15825
15836
15839
15841
15864
15871
15879
15885
15893
15901
15910
15911
15934
15935
15940
15944
15961
15965
15967
15969
15972
15973
15987
15988
16016
16021
16033
16037
16043
16049
16059
16076
16088
16093
16101
16109
16112
16117
16127
16129
16136
16145
16157
16164
16170
16179
16185
16189
16195
16196
16203
16207
16209
16211
16213
16218
16245
16248
16261
16276
16278
16285
16300
16304
16312
16322
16338
16348
16351
16382
16388
16392
16397
16420
16441
16462
16499
16519
16531
16537
16542
16554
16557
16590
16592
16593
16594
16598
16615
16632
16644
16659
16661
16669
16700
16707
16712
16725
16727
16734
16742
16744
16772
16773
16794
16808
16809
16836
16851
16852
16892
16895
16898
16899
16901
16902
16907
16908
16919
16934
16963
16966
16969
16977
16980
16986
16987
16991
17021
17025
17027
17041
17049
17052
17066
17067
17069
17072
17083
17086
17095
17096
17104
17111
17121
17158
17170
17182
17191
17217
17232
17241
17244
17252
17262
17263
17264
17280
17282
17285
17286
17296
17302
17304
17326
17330
17336
17360
17362
17388
17393
17394
17404
17436
17445
17462
17468
17478
17480
17483
17484
17485
17490
17492
17493
17496
17511
17514
17535
17542
17543
17550
17569
17571
17584
17588
17614
17627
17633
17652
17656
17658
17659
17689
17691
17697
17698
17699
17719
17728
17739
17745
17771
17772
17784
17794
17796
17808
17809
17832
17835
17851
17857
17866
17867
17878
17889
17901
17910
17912
17924
17927
17949
17950
17976
17990
17998
18001
18017
18022
18027
18035
18039
18051
18098
18110
18120
18131
18149
18161
18164
18170
18171
18173
18181
18200
18232
18266
18276
18287
18298
18339
18340
18346
18359
18380
18384
18389
18422
18424
18427
18437
18441
18446
18459
18489
18491
18492
18500
18505
18507
18539
18551
18563
18573
18578
18604
18605
18613
18621
18645
18653
18654
18666
18677
18678
18689
18699
18701
18705
18719
18732
18737
18740
18752
18762
18768
18773
18779
18806
18809
18819
18836
18860
18865
18878
18887
18903
18915
18934
18952
18957
18980
18991
18996
19005
19014
19015
19029
19040
19041
19084
19104
19129
19133
19156
19175
19185
19193
19196
19205
19219
19227
19229
19245
19271
19275
19277
19281
19282
19299
19302
19304
19312
19321
19328
19367
19370
19371
19381
19383
19384
19392
19408
19414
19419
19421
19422
19431
19443
19454
19493
19501
19513
19515
19528
19533
19546
19550
19555
19582
19586
19593
19604
19617
19618
19623
19627
19641
19653
19656
19661
19667
19674
19676
19678
19686
19688
19701
19712
19715
19716
19743
19758
19759
19766
19786
19807
19809
19815
19827
19839
19848
19865
19868
19905
19908
19917
19933
19936
19942
19943
19944
19957
19964
19990
19993
20003
20023
20057
20058
20069
20078
20079
20085
20144
20153
20156
20163
20164
20181
20185
20191
20202
20209
20211
20231
20257
20295
20298
20349
20352
20355
20356
20358
20362
20368
20379
20386
20390
20393
20422
20431
20440
20480
20484
20495
20497
20499
20501
20517
20533
20534
20536
20556
20560
20562
20579
20582
20590
20597
20602
20608
20622
20623
20631
20648
20658
20678
20681
20684
20712
20727
20729
20730
20733
20737
20743
20744
20764
20776
20778
20794
20795
20809
20814
20829
20833
20835
20841
20842
20855
20857
20860
20865
20876
20880
20883
20885
20889
20890
20895
20900
20915
20919
20934
20937
20938
20945
20955
20964
20969
20971
21018
21022
21040
21058
21067
21071
21080
21083
21088
21094
21097
21109
21110
21111
21125
21131
21146
21158
21162
21169
21204
21231
21271
21276
21282
21292
21313
21316
21348
21370
21386
21388
21394
21400
21424
21427
21432
21446
21452
21457
21467
21472
21510
21512
21523
21536
21538
21539
21547
21568
21571
21601
21628
21629
21636
21637
21640
21663
21685
21730
21765
21771
21782
21789
21802
21814
21815
21816
21820
21830
21840
21846
21851
21873
21885
21889
21894
21908
21925
21928
21934
21972
21985
22039
22048
22052
22056
22059
22069
22072
22096
22115
22120
22148
22153
22160
22162
22163
22176
22180
22182
22198
22206
22214
22226
22241
22242
22259
22262
22273
22280
22296
22301
22308
22320
22338
22344
22351
22362
22368
22394
22425
22439
22447
22454
22470
22471
22476
22484
22506
22511
22512
22514
22515
22540
22555
22559
22570
22572
22576
22580
22588
22616
22624
22626
22630
22631
22636
22649
22656
22660
22669
22691
22694
22702
22704
22709
22712
22713
22729
22735
22737
22753
22769
22776
22797
22808
22812
22820
22821
22829
22862
22870
22878
22912
22917
22927
22928
22945
22952
22965
22966
22968
22983
22987
23000
23018
23021
23023
23024
23034
23049
23052
23064
23091
23094
23122
23123
23127
23136
23156
23158
23169
23229
23240
23259
23270
23298
23303
23313
23325
23329
23336
23342
23367
23370
23376
23390
23391
23395
23399
23409
23448
23455
23470
23474
23487
23490
23493
23501
23504
23505
23513
23536
23538
23550
23553
23556
23562
23573
23621
23637
23643
23647
23648
23649
23652
23653
23655
23668
23691
23707
23715
23748
23780
23805
23824
23826
23833
23841
23846
23851
23856
23864
23882
23890
23903
23905
23906
23926
23936
23953
23968
23986
24001
24008
24025
24028
24030
24039
24042
24066
24078
24085
24098
24108
24116
24119
24128
24141
24150
24162
24166
24180
24187
24196
24221
24228
24235
24240
24245
24250
24261
24268
24278
24279
24284
24294
24297
24312
24319
24335
24337
24340
24353
24354
24359
24363
24372
24377
24381
24386
24389
24393
24413
24429
24434
24435
24446
24448
24450
24457
24463
24482
24507
24509
24527
24529
24534
24540
24548
24555
24557
24558
24571
24579
24594
24599
24633
24635
24640
24660
24672
24685
24713
24730
24742
24746
24750
24762
24775
24778
24791
24815
24833
24844
24853
24856
24859
24863
24871
24899
24901
24912
24913
24924
24944
24945
24951
24985
24989
24992
25027
25028
25034
25038
25046
25060
25072
25078
25089
25092
25112
25129
25140
25141
25150
25160
25162
25166
25171
25181
25214
25217
25220
25223
25251
25265
25267
25271
25288
25302
25308
25342
25343
25346
25353
25369
25381
25383
25397
25417
25424
25425
25434
25440
25447
25454
25473
25475
25484
25490
25500
25517
25530
25539
25581
25585
25594
25597
25605
25610
25619
25632
25639
25641
25663
25667
25675
25684
25685
25689
25690
25695
25704
25714
25730
25731
25738
25741
25748
25762
25770
25782
25789
25800
25802
25803
25808
25814
25826
25843
25844
25858
25862
25866
25876
25879
25890
25891
25894
25903
25934
25956
25957
25965
25970
25977
25986
25996
25998
26000
26006
26029
26051
26061
26078
26081
26111
26129
26144
26157
26172
26200
26201
26220
26243
26271
26285
26291
26293
26310
26316
26338
26355
26363
26368
26372
26374
26375
26394
26397
26410
26414
26424
26426
26433
26443
26447
26456
26460
26466
26467
26477
26486
26487
26490
26493
26498
26520
26525
26538
26540
26545
26555
26556
26580
26589
26609
26634
26636
26638
26642
26647
26657
26660
26663
26692
26707
26714
26719
26726
26735
26741
26755
26766
26783
26809
26820
26832
26841
26849
26855
26861
26871
26883
26891
26893
26899
26901
26903
26906
26918
26921
26924
26930
26937
26945
26946
26958
26962
26978
26982
26991
26999
27002
27007
27015
27021
27027
27038
27039
27049
27062
27083
27094
27106
27118
27143
27187
27195
27200
27205
27212
27245
27252
27266
27282
27292
27320
27327
27330
27334
27336
27341
27344
27353
27355
27365
27374
27382
27420
27421
27440
27444
27453
27462
27466
27472
27487
27494
27497
27514
27518
27520
27524
27525
27527
27534
27539
27546
27551
27556
27562
27565
27566
27591
27605
27610
27625
27635
27636
27641
27657
27667
27671
27679
27682
27691
27693
27718
27735
27747
27760
27800
27807
27811
27838
27857
27881
27902
27905
27911
27932
27937
27945
27946
27950
27964
27977
27984
27996
28000
28003
28013
28016
28026
28030
28038
28052
28060
28065
28066
28070
28075
28090
28091
28093
28104
28111
28115
28138
28145
28173
28177
28187
28212
28228
28244
28246
28248
28252
28264
28271
28286
28316
28341
28346
28358
28370
28380
28385
28398
28407
28427
28432
28454
28468
28472
28492
28508
28520
28543
28580
28584
28629
28631
28661
28673
28680
28685
28686
28717
28726
28729
28752
28755
28772
28773
28781
28790
28795
28809
28848
28868
28875
28883
28894
28910
28918
28923
28925
28938
28953
28957
28969
28977
28981
28986
29001
29010
29016
29022
29024
29025
29046
29058
29083
29085
29097
29103
29110
29150
29152
29153
29156
29165
29187
29191
29202
29215
29238
29242
29258
29259
29260
29289
29291
29297
29309
29314
29324
29326
29328
29331
29359
29377
29398
29405
29408
29417
29438
29451
29463
29467
29469
29481
29489
29491
29509
29554
29562
29570
29575
29589
29616
29619
29627
29629
29630
29635
29637
29658
29675
29683
29686
29689
29698
29719
29733
29745
29746
29750
29765
29802
29831
29834
29835
29868
29874
29876
29877
29883
29893
29920
29926
29927
29937
29950
29959
29962
29964
29968
29969
29986
29994
30026
30027
30033
30036
30040
30046
30123
30128
30147
30150
30152
30175
30177
30178
30189
30190
30192
30196
30202
30209
30211
30228
30252
30256
30274
30275
30279
30287
30292
30309
30312
30322
30325
30357
30359
30380
30385
30418
30420
30422
30423
30432
30443
30462
30463
30466
30474
30477
30507
30519
30522
30526
30538
30546
30551
30576
30586
30617
30622
30649
30682
30694
30708
30717
30723
30729
30738
30749
30756
30761
30766
30781
30785
30790
30801
30819
30820
30849
30862
30864
30876
30881
30888
30896
30898
30899
30915
30932
30935
30938
30941
30944
30948
30949
30950
30960
31014
31017
31018
31022
31033
31035
31041
31042
31045
31068
31073
31111
31117
31128
31130
31137
31143
31150
31151
31152
31154
31165
31167
31174
31206
31212
31233
31253
31266
31279
31284
31295
31306
31307
31321
31323
31338
31339
31373
31376
31390
31391
31399
31400
31404
31429
31432
31435
31458
31461
31467
31468
31478
31479
31511
31515
31522
31524
31552
31557
31581
31587
31591
31597
31608
31614
31616
31626
31630
31639
31645
31682
31685
31691
31703
31717
31718
31760
31777
31798
31803
31815
31827
31830
31832
31845
31846
31847
31849
31851
31853
31872
31877
31893
31906
31925
31936
31939
31943
31982
32003
32033
32086
32090
32094
32099
32103
32104
32109
32117
32173
32176
32177
32192
32199
32210
32211
32213
32218
32227
32233
32237
32240
32264
32268
32273
32274
32279
32352
32355
32369
32401
32403
32411
32412
32415
32435
32467
32483
32491
32503
32516
32544
32552
32560
32567
32578
32605
32615
32631
32633
32637
32638
32645
32654
32660
32665
32683
32685
32687
32693
32701
32702
32708
32713
32727
32728
32732
32737
32780
32782
32789
32832
32839
32849
32850
32863
32865
32869
32886
32898
32910
32919
32924
32931
32932
32933
32934
32937
32944
32945
32949
32955
32973
32977
32980
32987
32994
33021
33023
33024
33026
33027
33063
33064
33069
33073
33075
33076
33077
33078
33102
33103
33108
33121
33133
33134
33141
33143
33146
33165
33167
33169
33170
33185
33189
33190
33211
33216
33218
33221
33228
33253
33263
33280
33293
33296
33309
33311
33316
33320
33323
33341
33384
33394
33406
33420
33421
33430
33432
33436
33456
33459
33467
33473
33475
33483
33490
33524
33538
33559
33575
33585
33593
33595
33601
33609
33649
33655
33671
33687
33717
33718
33726
33767
33773
33777
33778
33783
33814
33816
33820
33821
33825
33833
33845
33847
33885
33886
33888
33903
33906
33913
33944
33954
33986
34002
34023
34039
34044
34049
34051
34053
34056
34062
34089
34095
34096
34115
34117
34120
34125
34153
34154
34162
34163
34168
34170
34179
34219
34232
34236
34243
34246
34249
34251
34262
34275
34283
34294
34312
34324
34326
34334
34346
34357
34382
34398
34399
34412
34421
34428
34458
34461
34496
34501
34509
34511
34541
34547
34549
34558
34561
34565
34591
34594
34599
34615
34621
34642
34651
34658
34660
34663
34669
34676
34678
34683
34684
34708
34714
34732
34752
34767
34770
34775
34780
34818
34825
34834
34838
34839
34875
34897
34899
34909
34913
34920
34921
34926
34927
34949
34954
34980
34994
34998
35003
35014
35021
35026
35042
35056
35081
35087
35098
35115
35122
35171
35176
35179
35180
35181
35183
35189
35194
35232
35238
35244
35254
35261
35268
35283
35285
35292
35294
35319
35339
35351
35353
35369
35378
35380
35406
35411
35421
35436
35439
35440
35443
35457
35458
35470
35501
35508
35518
35529
35531
35537
35541
35548
35577
35581
35587
35588
35590
35597
35609
35636
35638
35640
35658
35659
35664
35665
35669
35670
35693
35696
35731
35741
35743
35752
35758
35760
35767
35779
35787
35791
35792
35805
35808
35814
35816
35875
35877
35896
35898
35906
35918
35932
35934
35970
35981
35987
35997
36019
36028
36031
36058
36064
36068
36069
36078
36094
36132
36139
36149
36160
36161
36177
36181
36205
36215
36226
36228
36243
36257
36258
36265
36270
36290
36294
36295
36300
36302
36322
36323
36326
36327
36389
36396
36399
36403
36409
36430
36435
36442
36447
36474
36482
36506
36533
36555
36560
36561
36563
36568
36573
36582
36583
36587
36590
36607
36613
36614
36618
36620
36633
36636
36667
36668
36669
36677
36683
36695
36701
36710
36720
36724
36733
36738
36742
36744
36758
36760
36766
36770
36781
36793
36857
36860
36868
36874
36879
36880
36904
36914
36917
36926
36940
36942
36958
36959
36974
36978
36993
36999
37008
37010
37031
37033
37034
37047
37058
37085
37108
37112
37116
37119
37122
37135
37158
37177
37180
37186
37196
37198
37199
37225
37229
37234
37244
37251
37273
37278
37298
37301
37307
37316
37332
37336
37337
37361
37364
37368
37395
37399
37400
37402
37417
37418
37433
37483
37486
37490
37493
37507
37524
37576
37579
37583
37584
37606
37608
37609
37620
37631
37634
37645
37664
37670
37674
37679
37715
37722
37730
37746
37756
37763
37770
37773
37781
37792
37794
37797
37811
37827
37845
37847
37850
37854
37924
37947
37956
37957
37968
37972
37975
37987
37990
38006
38018
38028
38031
38040
38053
38056
38062
38066
38074
38075
38076
38088
38094
38108
38109
38110
38126
38127
38130
38132
38156
38160
38173
38179
38207
38209
38214
38217
38225
38255
38266
38267
38268
38281
38285
38290
38305
38314
38318
38335
38337
38350
38358
38362
38365
38367
38368
38378
38382
38414
38420
38425
38440
38467
38469
38471
38481
38482
38493
38498
38502
38509
38532
38555
38556
38575
38591
38597
38602
38614
38615
38618
38620
38628
38637
38641
38646
38652
38666
38674
38712
38720
38732
38733
38742
38775
38780
38783
38786
38806
38809
38818
38820
38821
38830
38833
38834
38853
38875
38879
38887
38889
38899
38920
38933
38942
38953
38956
38982
38989
38993
38995
39011
39018
39021
39028
39031
39032
39039
39069
39071
39080
39094
39097
39099
39119
39140
39143
39200
39228
39237
39251
39266
39275
39292
39320
39323
39332
39351
39362
39381
39386
39392
39396
39400
39405
39408
39419
39421
39423
39439
39445
39450
39468
39485
39486
39499
39506
39514
39543
39555
39571
39577
39594
39595
39609
39610
39633
39653
39663
39701
39710
39718
39722
39733
39748
39754
39757
39774
39776
39778
39787
39804
39824
39845
39856
39886
39902
39912
39926
39927
39936
39940
39942
39946
39957
39959
39960
39972
39974
39988
39991
40003
40007
40009
40011
40014
40053
40075
40080
40093
40107
40119
40128
40130
40156
40159
40160
40179
40200
40206
40207
40219
40221
40238
40240
40249
40256
40258
40271
40277
40278
40284
40311
40315
40324
40327
40340
40351
40354
40365
40377
40392
40408
40411
40420
40421
40469
40499
40503
40511
40551
40559
40564
40566
40570
40579
40582
40591
40626
40632
40636
40637
40638
40640
40652
40653
40658
40661
40672
40676
40712
40713
40716
40718
40731
40736
40742
40746
40758
40762
40797
40800
40804
40808
40809
40825
40841
40845
40884
40888
40912
40918
40923
40934
40935
40957
40964
40970
40983
41016
41021
41032
41087
41095
41134
41135
41146
41157
41175
41188
41204
41236
41241
41255
41264
41267
41304
41309
41310
41314
41329
41333
41341
41353
41370
41381
41391
41393
41394
41403
41427
41431
41436
41460
41464
41477
41479
41513
41520
41547
41557
41559
41570
41573
41592
41599
41608
41622
41625
41639
41668
41678
41682
41689
41695
41711
41735
41737
41748
41750
41754
41762
41763
41793
41798
41804
41807
41822
41823
41832
41838
41855
41871
41884
41885
41901
41906
41909
41916
41927
41952
41963
41972
41981
41986
42002
42020
42021
42056
42059
42072
42074
42083
42088
42099
42103
42117
42118
42119
42140
42155
42160
42166
42173
42178
42211
42212
42218
42230
42249
42250
42256
42282
42286
42290
42297
42313
42337
42367
42386
42393
42394
42397
42401
42413
42438
42441
42447
42466
42471
42474
42477
42488
42499
42502
42509
42528
42533
42547
42551
42565
42568
42586
42594
42598
42616
42626
42630
42631
42638
42640
42658
42663
42672
42675
42684
42687
42689
42692
42693
42708
42718
42726
42751
42756
42760
42768
42831
42853
42858
42873
42880
42884
42900
42903
42907
42908
42909
42914
42915
42937
42944
42954
42980
42990
43005
43007
43012
43017
43075
43097
43111
43112
43117
43122
43143
43155
43157
43162
43164
43171
43205
43209
43210
43215
43216
43222
43231
43242
43244
43252
43260
43278
43280
43284
43300
43309
43312
43313
43335
43337
43343
43350
43354
43363
43371
43386
43395
43399
43401
43417
43419
43422
43425
43451
43467
43469
43480
43483
43502
43531
43540
43550
43552
43572
43584
43586
43596
43602
43607
43630
43639
43643
43654
43667
43673
43674
43679
43688
43694
43696
43704
43705
43714
43725
43756
43758
43765
43769
43777
43783
43793
43817
43822
43823
43827
43828
43860
43867
43868
43882
43890
43906
43913
43915
43924
43941
43946
43966
43977
43979
43983
43990
44004
44021
44031
44057
44065
44067
44068
44120
44128
44129
44130
44132
44157
44171
44182
44196
44214
44221
44232
44246
44256
44259
44261
44269
44276
44278
44290
44295
44298
44309
44310
44329
44359
44366
44379
44391
44393
44403
44420
44427
44431
44448
44452
44453
44462
44467
44481
44487
44500
44521
44524
44527
44532
44540
44578
44594
44601
44605
44607
44623
44640
44644
44649
44668
44686
44699
44710
44730
44734
44735
44737
44749
44759
44767
44782
44815
44822
44826
44844
44850
44874
44885
44893
44897
44901
44911
44913
44916
44921
44929
44931
44964
44980
44989
45036
45041
45044
45046
45064
45100
45111
45124
45128
45131
45137
45147
45175
45182
45184
45192
45197
45200
45202
45220
45247
45254
45256
45260
45270
45272
45275
45285
45288
45300
45302
45305
45357
45376
45382
45386
45391
45419
45424
45435
45456
45471
45483
45486
45504
45513
45520
45550
45580
45587
45599
45609
45612
45633
45650
45668
45683
45697
45716
45717
45745
45750
45773
45774
45785
45801
45810
45813
45815
45818
45837
45841
45847
45848
45857
45888
45905
45917
45926
45929
45938
45979
45982
45984
45987
45988
45990
45995
46000
46002
46013
46017
46040
46042
46050
46055
46059
46061
46065
46099
46102
46108
46112
46114
46115
46118
46119
46124
46137
46139
46141
46142
46159
46169
46172
46180
46193
46205
46215
46236
46250
46272
46298
46310
46357
46374
46406
46407
46408
46413
46417
46422
46429
46449
46454
46467
46522
46526
46528
46543
46548
46549
46570
46571
46573
46579
46591
46611
46616
46618
46620
46632
46647
46660
46661
46666
46671
46686
46691
46694
46709
46712
46716
46720
46738
46777
46783
46786
46798
46800
46802
46824
46841
46852
46875
46876
46877
46884
46886
46894
46896
46897
46926
46927
46954
46957
46966
46973
46979
46998
47000
47004
47009
47019
47027
47029
47030
47034
47044
47046
47053
47064
47078
47080
47081
47090
47119
47125
47153
47155
47165
47168
47180
47200
47204
47222
47230
47236
47237
47238
47271
47292
47307
47315
47317
47322
47326
47328
47337
47373
47380
47388
47399
47417
47427
47449
47454
47456
47462
47466
47472
47478
47490
47500
47503
47509
47521
47526
47531
47536
47538
47542
47581
47593
47604
47612
47631
47647
47651
47652
47654
47662
47674
47696
47697
47701
47706
47751
47766
47773
47784
47786
47791
47810
47813
47826
47830
47837
47854
47864
47866
47867
47874
47886
47887
47891
47892
47906
47915
47922
47924
47935
47942
47944
47950
47954
47957
47960
47961
47985
47991
48012
48017
48044
48049
48052
48064
48072
48073
48077
48086
48099
48109
48126
48127
48134
48136
48141
48144
48150
48157
48161
48167
48190
48197
48219
48229
48235
48244
48263
48285
48287
48321
48333
48345
48359
48363
48370
48371
48375
48384
48395
48403
48414
48431
48435
48443
48452
48453
48461
48466
48494
48515
48525
48544
48545
48555
48556
48559
48566
48567
48571
48621
48624
48626
48638
48661
48662
48668
48673
48680
48683
48696
48707
48715
48741
48745
48754
48755
48758
48760
48763
48767
48772
48780
48784
48800
48801
48802
48811
48826
48834
48836
48839
48841
48842
48854
48858
48883
48884
48893
48910
48911
48917
48922
48938
48949
48967
48968
48971
48972
49009
49014
49015
49018
49039
49045
49049
49055
49067
49076
49102
49118
49133
49143
49156
49174
49175
49180
49194
49201
49215
49246
49247
49248
49250
49251
49253
49255
49258
49273
49303
49318
49326
49335
49342
49351
49363
49375
49381
49390
49403
49409
49431
49432
49433
49435
49458
49464
49467
49476
49483
49484
49512
49515
49524
49572
49577
49594
49595
49608
49610
49614
49630
49633
49635
49642
49643
49652
49655
49681
49683
49686
49692
49704
49720
49722
49723
49741
49753
49786
49788
49789
49790
49791
49792
49814
49826
49848
49862
49865
49880
49902
49910
49918
49923
49926
49940
49944
49945
49959
49983
49988
50057
50075
50080
50083
50088
50094
50103
50105
50112
50154
50160
50161
50191
50194
50204
50205
50211
50226
50235
50252
50270
50274
50280
50311
50320
50321
50328
50341
50351
50352
50367
50387
50399
50416
50458
50483
